0 1 2 
1 0 3 4 
2 0 5 6 
3 1 7 8 
4 1 9 10 
5 2 11 12 
6 2 13 14 
7 3 15 16 
8 3 17 18 
9 4 19 20 
10 4 21 22 
11 5 23 24 
12 5 25 26 
13 6 27 28 
14 6 29 30 
15 7 31 32 
16 7 33 34 
17 8 35 36 
18 8 37 38 
19 9 39 40 
20 9 41 42 
21 10 43 44 
22 10 45 46 
23 11 47 48 
24 11 49 50 
25 12 51 52 
26 12 53 54 
27 13 55 56 
28 13 57 58 
29 14 59 60 
30 14 61 62 
31 15 63 64 
32 15 65 66 
33 16 67 68 
34 16 69 70 
35 17 71 72 
36 17 73 74 
37 18 75 76 
38 18 77 78 
39 19 79 80 
40 19 81 82 
41 20 83 84 
42 20 85 86 
43 21 87 88 
44 21 89 90 
45 22 91 92 
46 22 93 94 
47 23 95 96 
48 23 97 98 
49 24 99 100 
50 24 101 102 
51 25 103 104 
52 25 105 106 
53 26 107 108 
54 26 109 110 
55 27 111 112 
56 27 113 114 
57 28 115 116 
58 28 117 118 
59 29 119 120 
60 29 121 122 
61 30 123 124 
62 30 125 126 
63 31 127 128 
64 31 129 130 
65 32 131 132 
66 32 133 134 
67 33 135 136 
68 33 137 138 
69 34 139 140 
70 34 141 142 
71 35 143 144 
72 35 145 146 
73 36 147 148 
74 36 149 150 
75 37 151 152 
76 37 153 154 
77 38 155 156 
78 38 157 158 
79 39 159 160 
80 39 161 162 
81 40 163 164 
82 40 165 166 
83 41 167 168 
84 41 169 170 
85 42 171 172 
86 42 173 174 
87 43 175 176 
88 43 177 178 
89 44 179 180 
90 44 181 182 
91 45 183 184 
92 45 185 186 
93 46 187 188 
94 46 189 190 
95 47 191 192 
96 47 193 194 
97 48 195 196 
98 48 197 198 
99 49 199 200 
100 49 201 202 
101 50 203 204 
102 50 205 206 
103 51 207 208 
104 51 209 210 
105 52 211 212 
106 52 213 214 
107 53 215 216 
108 53 217 218 
109 54 219 220 
110 54 221 222 
111 55 223 224 
112 55 225 226 
113 56 227 228 
114 56 229 230 
115 57 231 232 
116 57 233 234 
117 58 235 236 
118 58 237 238 
119 59 239 240 
120 59 241 242 
121 60 243 244 
122 60 245 246 
123 61 247 248 
124 61 249 250 
125 62 251 252 
126 62 253 254 
127 63 255 256 
128 63 257 258 
129 64 259 260 
130 64 261 262 
131 65 263 264 
132 65 265 266 
133 66 267 268 
134 66 269 270 
135 67 271 272 
136 67 273 274 
137 68 275 276 
138 68 277 278 
139 69 279 280 
140 69 281 282 
141 70 283 284 
142 70 285 286 
143 71 287 288 
144 71 289 290 
145 72 291 292 
146 72 293 294 
147 73 295 296 
148 73 297 298 
149 74 299 300 
150 74 301 302 
151 75 303 304 
152 75 305 306 
153 76 307 308 
154 76 309 310 
155 77 311 312 
156 77 313 314 
157 78 315 316 
158 78 317 318 
159 79 319 320 
160 79 321 322 
161 80 323 324 
162 80 325 326 
163 81 327 328 
164 81 329 330 
165 82 331 332 
166 82 333 334 
167 83 335 336 
168 83 337 338 
169 84 339 340 
170 84 341 342 
171 85 343 344 
172 85 345 346 
173 86 347 348 
174 86 349 350 
175 87 351 352 
176 87 353 354 
177 88 355 356 
178 88 357 358 
179 89 359 360 
180 89 361 362 
181 90 363 364 
182 90 365 366 
183 91 367 368 
184 91 369 370 
185 92 371 372 
186 92 373 374 
187 93 375 376 
188 93 377 378 
189 94 379 380 
190 94 381 382 
191 95 383 384 
192 95 385 386 
193 96 387 388 
194 96 389 390 
195 97 391 392 
196 97 393 394 
197 98 395 396 
198 98 397 398 
199 99 399 400 
200 99 401 402 
201 100 403 404 
202 100 405 406 
203 101 407 408 
204 101 409 410 
205 102 411 412 
206 102 413 414 
207 103 415 416 
208 103 417 418 
209 104 419 420 
210 104 421 422 
211 105 423 424 
212 105 425 426 
213 106 427 428 
214 106 429 430 
215 107 431 432 
216 107 433 434 
217 108 435 436 
218 108 437 438 
219 109 439 440 
220 109 441 442 
221 110 443 444 
222 110 445 446 
223 111 447 448 
224 111 449 450 
225 112 451 452 
226 112 453 454 
227 113 455 456 
228 113 457 458 
229 114 459 460 
230 114 461 462 
231 115 463 464 
232 115 465 466 
233 116 467 468 
234 116 469 470 
235 117 471 472 
236 117 473 474 
237 118 475 476 
238 118 477 478 
239 119 479 480 
240 119 481 482 
241 120 483 484 
242 120 485 486 
243 121 487 488 
244 121 489 490 
245 122 491 492 
246 122 493 494 
247 123 495 496 
248 123 497 498 
249 124 499 500 
250 124 501 502 
251 125 503 504 
252 125 505 506 
253 126 507 508 
254 126 509 510 
255 127 511 512 
256 127 513 514 
257 128 515 516 
258 128 517 518 
259 129 519 520 
260 129 521 522 
261 130 523 524 
262 130 525 526 
263 131 527 528 
264 131 529 530 
265 132 531 532 
266 132 533 534 
267 133 535 536 
268 133 537 538 
269 134 539 540 
270 134 541 542 
271 135 543 544 
272 135 545 546 
273 136 547 548 
274 136 549 550 
275 137 551 552 
276 137 553 554 
277 138 555 556 
278 138 557 558 
279 139 559 560 
280 139 561 562 
281 140 563 564 
282 140 565 566 
283 141 567 568 
284 141 569 570 
285 142 571 572 
286 142 573 574 
287 143 575 576 
288 143 577 578 
289 144 579 580 
290 144 581 582 
291 145 583 584 
292 145 585 586 
293 146 587 588 
294 146 589 590 
295 147 591 592 
296 147 593 594 
297 148 595 596 
298 148 597 598 
299 149 599 600 
300 149 601 602 
301 150 603 604 
302 150 605 606 
303 151 607 608 
304 151 609 610 
305 152 611 612 
306 152 613 614 
307 153 615 616 
308 153 617 618 
309 154 619 620 
310 154 621 622 
311 155 623 624 
312 155 625 626 
313 156 627 628 
314 156 629 630 
315 157 631 632 
316 157 633 634 
317 158 635 636 
318 158 637 638 
319 159 639 640 
320 159 641 642 
321 160 643 644 
322 160 645 646 
323 161 647 648 
324 161 649 650 
325 162 651 652 
326 162 653 654 
327 163 655 656 
328 163 657 658 
329 164 659 660 
330 164 661 662 
331 165 663 664 
332 165 665 666 
333 166 667 668 
334 166 669 670 
335 167 671 672 
336 167 673 674 
337 168 675 676 
338 168 677 678 
339 169 679 680 
340 169 681 682 
341 170 683 684 
342 170 685 686 
343 171 687 688 
344 171 689 690 
345 172 691 692 
346 172 693 694 
347 173 695 696 
348 173 697 698 
349 174 699 700 
350 174 701 702 
351 175 703 704 
352 175 705 706 
353 176 707 708 
354 176 709 710 
355 177 711 712 
356 177 713 714 
357 178 715 716 
358 178 717 718 
359 179 719 720 
360 179 721 722 
361 180 723 724 
362 180 725 726 
363 181 727 728 
364 181 729 730 
365 182 731 732 
366 182 733 734 
367 183 735 736 
368 183 737 738 
369 184 739 740 
370 184 741 742 
371 185 743 744 
372 185 745 746 
373 186 747 748 
374 186 749 750 
375 187 751 752 
376 187 753 754 
377 188 755 756 
378 188 757 758 
379 189 759 760 
380 189 761 762 
381 190 763 764 
382 190 765 766 
383 191 767 768 
384 191 769 770 
385 192 771 772 
386 192 773 774 
387 193 775 776 
388 193 777 778 
389 194 779 780 
390 194 781 782 
391 195 783 784 
392 195 785 786 
393 196 787 788 
394 196 789 790 
395 197 791 792 
396 197 793 794 
397 198 795 796 
398 198 797 798 
399 199 799 800 
400 199 801 802 
401 200 803 804 
402 200 805 806 
403 201 807 808 
404 201 809 810 
405 202 811 812 
406 202 813 814 
407 203 815 816 
408 203 817 818 
409 204 819 820 
410 204 821 822 
411 205 823 824 
412 205 825 826 
413 206 827 828 
414 206 829 830 
415 207 831 832 
416 207 833 834 
417 208 835 836 
418 208 837 838 
419 209 839 840 
420 209 841 842 
421 210 843 844 
422 210 845 846 
423 211 847 848 
424 211 849 850 
425 212 851 852 
426 212 853 854 
427 213 855 856 
428 213 857 858 
429 214 859 860 
430 214 861 862 
431 215 863 864 
432 215 865 866 
433 216 867 868 
434 216 869 870 
435 217 871 872 
436 217 873 874 
437 218 875 876 
438 218 877 878 
439 219 879 880 
440 219 881 882 
441 220 883 884 
442 220 885 886 
443 221 887 888 
444 221 889 890 
445 222 891 892 
446 222 893 894 
447 223 895 896 
448 223 897 898 
449 224 899 900 
450 224 901 902 
451 225 903 904 
452 225 905 906 
453 226 907 908 
454 226 909 910 
455 227 911 912 
456 227 913 914 
457 228 915 916 
458 228 917 918 
459 229 919 920 
460 229 921 922 
461 230 923 924 
462 230 925 926 
463 231 927 928 
464 231 929 930 
465 232 931 932 
466 232 933 934 
467 233 935 936 
468 233 937 938 
469 234 939 940 
470 234 941 942 
471 235 943 944 
472 235 945 946 
473 236 947 948 
474 236 949 950 
475 237 951 952 
476 237 953 954 
477 238 955 956 
478 238 957 958 
479 239 959 960 
480 239 961 962 
481 240 963 964 
482 240 965 966 
483 241 967 968 
484 241 969 970 
485 242 971 972 
486 242 973 974 
487 243 975 976 
488 243 977 978 
489 244 979 980 
490 244 981 982 
491 245 983 984 
492 245 985 986 
493 246 987 988 
494 246 989 990 
495 247 991 992 
496 247 993 994 
497 248 995 996 
498 248 997 998 
499 249 999 1000 
500 249 1001 1002 
501 250 1003 1004 
502 250 1005 1006 
503 251 1007 1008 
504 251 1009 1010 
505 252 1011 1012 
506 252 1013 1014 
507 253 1015 1016 
508 253 1017 1018 
509 254 1019 1020 
510 254 1021 1022 
511 255 1256 1257 
512 255 1456 1459 
513 256 1085 1098 
514 256 1216 1404 
515 257 1135 1199 
516 257 1052 1384 
517 258 1190 1473 
518 258 1104 1355 
519 259 1257 1366 
520 259 1235 1373 
521 260 1468 1507 
522 260 1169 1446 
523 261 1396 1414 
524 261 1042 1429 
525 262 1170 1226 
526 262 1110 1335 
527 263 1239 1374 
528 263 1418 1423 
529 264 1411 1464 
530 264 1352 1412 
531 265 1038 1381 
532 265 1157 1460 
533 266 1401 1443 
534 266 1065 1249 
535 267 1276 1506 
536 267 1508 1533 
537 268 1179 1286 
538 268 1129 1248 
539 269 1125 1341 
540 269 1065 1485 
541 270 1052 1405 
542 270 1127 1338 
543 271 1102 1431 
544 271 1370 1413 
545 272 1203 1375 
546 272 1116 1234 
547 273 1287 1534 
548 273 1066 1181 
549 274 1391 1514 
550 274 1350 1495 
551 275 1043 1274 
552 275 1236 1452 
553 276 1311 1389 
554 276 1024 1165 
555 277 1234 1483 
556 277 1073 1470 
557 278 1103 1229 
558 278 1221 1406 
559 279 1198 1250 
560 279 1083 1121 
561 280 1049 1252 
562 280 1044 1161 
563 281 1342 1511 
564 281 1107 1196 
565 282 1329 1361 
566 282 1268 1532 
567 283 1177 1420 
568 283 1088 1402 
569 284 1195 1240 
570 284 1219 1334 
571 285 1078 1101 
572 285 1096 1498 
573 286 1042 1089 
574 286 1134 1136 
575 287 1379 1465 
576 287 1119 1275 
577 288 1074 1259 
578 288 1330 1474 
579 289 1463 1504 
580 289 1301 1383 
581 290 1285 1325 
582 290 1072 1293 
583 291 1444 1464 
584 291 1023 1141 
585 292 1138 1433 
586 292 1055 1485 
587 293 1220 1417 
588 293 1059 1077 
589 294 1109 1487 
590 294 1207 1414 
591 295 1099 1118 
592 295 1050 1344 
593 296 1122 1194 
594 296 1179 1380 
595 297 1336 1379 
596 297 1025 1431 
597 298 1156 1200 
598 298 1142 1415 
599 299 1138 1434 
600 299 1356 1487 
601 300 1422 1466 
602 300 1176 1244 
603 301 1337 1496 
604 301 1068 1270 
605 302 1051 1233 
606 302 1212 1285 
607 303 1249 1363 
608 303 1274 1408 
609 304 1267 1302 
610 304 1060 1120 
611 305 1319 1333 
612 305 1167 1343 
613 306 1094 1347 
614 306 1210 1321 
615 307 1236 1292 
616 307 1176 1472 
617 308 1105 1174 
618 308 1388 1426 
619 309 1135 1512 
620 309 1324 1511 
621 310 1205 1438 
622 310 1404 1501 
623 311 1295 1437 
624 311 1222 1480 
625 312 1148 1258 
626 312 1183 1313 
627 313 1302 1509 
628 313 1228 1347 
629 314 1181 1199 
630 314 1091 1518 
631 315 1057 1455 
632 315 1250 1531 
633 316 1099 1382 
634 316 1037 1467 
635 317 1342 1499 
636 317 1145 1297 
637 318 1033 1177 
638 318 1068 1178 
639 319 1345 1489 
640 319 1182 1372 
641 320 1195 1314 
642 320 1063 1080 
643 321 1093 1189 
644 321 1458 1533 
645 322 1201 1322 
646 322 1462 1468 
647 323 1239 1309 
648 323 1087 1417 
649 324 1348 1481 
650 324 1352 1477 
651 325 1155 1455 
652 325 1112 1360 
653 326 1041 1523 
654 326 1328 1368 
655 327 1173 1368 
656 327 1162 1363 
657 328 1371 1445 
658 328 1081 1186 
659 329 1083 1140 
660 329 1030 1430 
661 330 1317 1353 
662 330 1151 1438 
663 331 1027 1358 
664 331 1267 1399 
665 332 1094 1427 
666 332 1026 1045 
667 333 1100 1283 
668 333 1100 1454 
669 334 1175 1453 
670 334 1038 1448 
671 335 1117 1192 
672 335 1027 1314 
673 336 1208 1529 
674 336 1288 1476 
675 337 1318 1460 
676 337 1171 1369 
677 338 1280 1440 
678 338 1262 1415 
679 339 1348 1353 
680 339 1076 1337 
681 340 1475 1514 
682 340 1326 1413 
683 341 1127 1394 
684 341 1206 1253 
685 342 1344 1410 
686 342 1024 1146 
687 343 1029 1175 
688 343 1032 1044 
689 344 1053 1331 
690 344 1070 1152 
691 345 1091 1380 
692 345 1108 1522 
693 346 1262 1521 
694 346 1383 1388 
695 347 1119 1458 
696 347 1450 1489 
697 348 1322 1345 
698 348 1047 1320 
699 349 1296 1425 
700 349 1403 1494 
701 350 1163 1297 
702 350 1254 1500 
703 351 1106 1524 
704 351 1146 1159 
705 352 1222 1394 
706 352 1238 1263 
707 353 1048 1321 
708 353 1140 1277 
709 354 1105 1524 
710 354 1124 1142 
711 355 1113 1289 
712 355 1075 1520 
713 356 1090 1340 
714 356 1430 1516 
715 357 1116 1441 
716 357 1037 1227 
717 358 1303 1491 
718 358 1047 1351 
719 359 1247 1472 
720 359 1523 1526 
721 360 1084 1294 
722 360 1290 1356 
723 361 1125 1216 
724 361 1209 1323 
725 362 1213 1457 
726 362 1043 1395 
727 363 1191 1426 
728 363 1277 1517 
729 364 1193 1530 
730 364 1320 1341 
731 365 1128 1367 
732 365 1284 1477 
733 366 1323 1424 
734 366 1201 1276 
735 367 1343 1488 
736 367 1157 1354 
737 368 1268 1405 
738 368 1166 1218 
739 369 1064 1206 
740 369 1361 1454 
741 370 1079 1287 
742 370 1334 1445 
743 371 1281 1393 
744 371 1122 1503 
745 372 1028 1327 
746 372 1112 1115 
747 373 1069 1132 
748 373 1090 1300 
749 374 1072 1324 
750 374 1349 1385 
751 375 1224 1309 
752 375 1463 1532 
753 376 1291 1355 
754 376 1130 1269 
755 377 1109 1447 
756 377 1144 1214 
757 378 1086 1310 
758 378 1079 1483 
759 379 1421 1435 
760 379 1137 1351 
761 380 1184 1328 
762 380 1359 1407 
763 381 1036 1158 
764 381 1189 1437 
765 382 1151 1506 
766 382 1113 1242 
767 383 1232 1357 
768 383 1329 1411 
769 384 1045 1269 
770 384 1441 1529 
771 385 1185 1200 
772 385 1296 1316 
773 386 1298 1482 
774 386 1301 1330 
775 387 1184 1521 
776 387 1154 1252 
777 388 1171 1315 
778 388 1166 1186 
779 389 1319 1418 
780 389 1293 1331 
781 390 1279 1474 
782 390 1084 1393 
783 391 1245 1478 
784 391 1339 1432 
785 392 1273 1434 
786 392 1377 1466 
787 393 1196 1358 
788 393 1040 1153 
789 394 1202 1251 
790 394 1023 1502 
791 395 1469 1519 
792 395 1032 1436 
793 396 1121 1399 
794 396 1081 1502 
795 397 1031 1241 
796 397 1245 1350 
797 398 1114 1187 
798 398 1376 1451 
799 399 1289 1470 
800 399 1115 1386 
801 400 1180 1299 
802 400 1082 1364 
803 401 1092 1442 
804 401 1060 1443 
805 402 1131 1424 
806 402 1144 1147 
807 403 1240 1422 
808 403 1054 1270 
809 404 1369 1482 
810 404 1235 1260 
811 405 1178 1432 
812 405 1040 1429 
813 406 1133 1370 
814 406 1207 1500 
815 407 1057 1188 
816 407 1190 1488 
817 408 1124 1168 
818 408 1247 1402 
819 409 1131 1493 
820 409 1484 1534 
821 410 1400 1401 
822 410 1156 1231 
823 411 1271 1499 
824 411 1248 1305 
825 412 1209 1409 
826 412 1387 1456 
827 413 1390 1496 
828 413 1312 1389 
829 414 1046 1371 
830 414 1230 1231 
831 415 1182 1254 
832 415 1505 1522 
833 416 1092 1357 
834 416 1373 1396 
835 417 1137 1461 
836 417 1026 1273 
837 418 1056 1101 
838 418 1246 1304 
839 419 1290 1298 
840 419 1253 1327 
841 420 1292 1310 
842 420 1255 1527 
843 421 1056 1139 
844 421 1215 1448 
845 422 1286 1515 
846 422 1291 1447 
847 423 1325 1403 
848 423 1097 1107 
849 424 1123 1160 
850 424 1362 1508 
851 425 1059 1226 
852 425 1332 1446 
853 426 1173 1336 
854 426 1212 1420 
855 427 1183 1232 
856 427 1346 1428 
857 428 1102 1275 
858 428 1419 1490 
859 429 1070 1075 
860 429 1076 1149 
861 430 1053 1215 
862 430 1155 1311 
863 431 1198 1412 
864 431 1170 1315 
865 432 1192 1459 
866 432 1120 1242 
867 433 1244 1376 
868 433 1480 1491 
869 434 1174 1349 
870 434 1392 1512 
871 435 1211 1449 
872 435 1339 1451 
873 436 1150 1326 
874 436 1243 1530 
875 437 1238 1261 
876 437 1025 1436 
877 438 1153 1439 
878 438 1191 1497 
879 439 1067 1303 
880 439 1265 1385 
881 440 1087 1519 
882 440 1204 1228 
883 441 1251 1282 
884 441 1283 1387 
885 442 1067 1233 
886 442 1080 1305 
887 443 1185 1374 
888 443 1031 1465 
889 444 1202 1384 
890 444 1133 1307 
891 445 1375 1517 
892 445 1261 1492 
893 446 1074 1227 
894 446 1114 1193 
895 447 1229 1467 
896 447 1218 1493 
897 448 1391 1479 
898 448 1158 1335 
899 449 1264 1471 
900 449 1187 1306 
901 450 1039 1143 
902 450 1316 1332 
903 451 1055 1346 
904 451 1066 1205 
905 452 1058 1279 
906 452 1265 1449 
907 453 1282 1505 
908 453 1033 1299 
909 454 1237 1427 
910 454 1313 1366 
911 455 1307 1338 
912 455 1419 1528 
913 456 1266 1516 
914 456 1210 1526 
915 457 1241 1484 
916 457 1308 1398 
917 458 1398 1490 
918 458 1123 1318 
919 459 1078 1161 
920 459 1266 1312 
921 460 1104 1132 
922 460 1145 1486 
923 461 1243 1428 
924 461 1050 1510 
925 462 1110 1525 
926 462 1030 1407 
927 463 1386 1486 
928 463 1360 1478 
929 464 1362 1452 
930 464 1214 1381 
931 465 1230 1308 
932 465 1169 1501 
933 466 1071 1086 
934 466 1150 1527 
935 467 1258 1435 
936 467 1141 1317 
937 468 1208 1306 
938 468 1264 1515 
939 469 1440 1481 
940 469 1095 1513 
941 470 1143 1462 
942 470 1172 1416 
943 471 1035 1288 
944 471 1160 1421 
945 472 1118 1246 
946 472 1180 1378 
947 473 1433 1510 
948 473 1134 1475 
949 474 1219 1513 
950 474 1111 1128 
951 475 1281 1495 
952 475 1498 1525 
953 476 1095 1194 
954 476 1163 1225 
955 477 1062 1295 
956 477 1063 1147 
957 478 1471 1476 
958 478 1062 1377 
959 479 1390 1397 
960 479 1064 1409 
961 480 1159 1197 
962 480 1223 1410 
963 481 1397 1492 
964 481 1220 1504 
965 482 1046 1497 
966 482 1164 1225 
967 483 1061 1117 
968 483 1148 1518 
969 484 1077 1473 
970 484 1126 1479 
971 485 1372 1439 
972 485 1162 1528 
973 486 1093 1272 
974 486 1088 1406 
975 487 1154 1364 
976 487 1211 1416 
977 488 1049 1509 
978 488 1300 1469 
979 489 1034 1126 
980 489 1058 1333 
981 490 1164 1382 
982 490 1108 1457 
983 491 1039 1152 
984 491 1029 1035 
985 492 1103 1129 
986 492 1203 1450 
987 493 1367 1453 
988 493 1221 1237 
989 494 1106 1365 
990 494 1359 1520 
991 495 1259 1284 
992 495 1130 1167 
993 496 1172 1260 
994 496 1263 1531 
995 497 1149 1272 
996 497 1139 1217 
997 498 1294 1461 
998 498 1028 1082 
999 499 1073 1204 
1000 499 1034 1213 
1001 500 1111 1304 
1002 500 1098 1165 
1003 501 1197 1271 
1004 501 1051 1425 
1005 502 1096 1408 
1006 502 1085 1089 
1007 503 1136 1188 
1008 503 1069 1255 
1009 504 1400 1442 
1010 504 1256 1503 
1011 505 1061 1365 
1012 505 1071 1168 
1013 506 1223 1278 
1014 506 1048 1378 
1015 507 1054 1217 
1016 507 1340 1395 
1017 508 1041 1280 
1018 508 1036 1354 
1019 509 1423 1494 
1020 509 1097 1278 
1021 510 1224 1444 
1022 510 1392 1507 
1023 584 790 1535 
1024 554 686 1535 
1025 596 876 1536 
1026 666 836 1536 
1027 663 672 1537 
1028 745 998 1537 
1029 687 984 1538 
1030 660 926 1538 
1031 795 888 1539 
1032 688 792 1539 
1033 637 908 1540 
1034 979 1000 1540 
1035 943 984 1541 
1036 763 1018 1541 
1037 634 716 1542 
1038 531 670 1542 
1039 901 983 1543 
1040 788 812 1543 
1041 653 1017 1544 
1042 524 573 1544 
1043 551 726 1545 
1044 562 688 1545 
1045 666 769 1546 
1046 829 965 1546 
1047 698 718 1547 
1048 707 1014 1547 
1049 561 977 1548 
1050 592 924 1548 
1051 605 1004 1549 
1052 516 541 1549 
1053 689 861 1550 
1054 808 1015 1550 
1055 586 903 1551 
1056 837 843 1551 
1057 631 815 1552 
1058 905 980 1552 
1059 588 851 1553 
1060 610 804 1553 
1061 967 1011 1554 
1062 955 958 1554 
1063 642 956 1555 
1064 739 960 1555 
1065 534 540 1556 
1066 548 904 1556 
1067 879 885 1557 
1068 604 638 1557 
1069 747 1008 1558 
1070 690 859 1558 
1071 933 1012 1559 
1072 582 749 1559 
1073 556 999 1560 
1074 577 893 1560 
1075 712 859 1561 
1076 680 860 1561 
1077 588 969 1562 
1078 571 919 1562 
1079 741 758 1563 
1080 642 886 1563 
1081 658 794 1564 
1082 802 998 1564 
1083 560 659 1565 
1084 721 782 1565 
1085 513 1006 1566 
1086 757 933 1566 
1087 648 881 1567 
1088 568 974 1567 
1089 573 1006 1568 
1090 713 748 1568 
1091 630 691 1569 
1092 803 833 1569 
1093 643 973 1570 
1094 613 665 1570 
1095 940 953 1571 
1096 572 1005 1571 
1097 848 1020 1572 
1098 513 1002 1572 
1099 591 633 1573 
1100 667 668 1573 
1101 571 837 1574 
1102 543 857 1574 
1103 557 985 1575 
1104 518 921 1575 
1105 617 709 1576 
1106 703 989 1576 
1107 564 848 1577 
1108 692 982 1577 
1109 589 755 1578 
1110 526 925 1578 
1111 950 1001 1579 
1112 652 746 1579 
1113 711 766 1580 
1114 797 894 1580 
1115 746 800 1581 
1116 546 715 1581 
1117 671 967 1582 
1118 591 945 1582 
1119 576 695 1583 
1120 610 866 1583 
1121 560 793 1584 
1122 593 744 1584 
1123 849 918 1585 
1124 710 817 1585 
1125 539 723 1586 
1126 970 979 1586 
1127 542 683 1587 
1128 731 950 1587 
1129 538 985 1588 
1130 754 992 1588 
1131 805 819 1589 
1132 747 921 1589 
1133 813 890 1590 
1134 574 948 1590 
1135 515 619 1591 
1136 574 1007 1591 
1137 760 835 1592 
1138 585 599 1592 
1139 843 996 1593 
1140 659 708 1593 
1141 584 936 1594 
1142 598 710 1594 
1143 901 941 1595 
1144 756 806 1595 
1145 636 922 1596 
1146 686 704 1596 
1147 806 956 1597 
1148 625 968 1597 
1149 860 995 1598 
1150 873 934 1598 
1151 662 765 1599 
1152 690 983 1599 
1153 788 877 1600 
1154 776 975 1600 
1155 651 862 1601 
1156 597 822 1601 
1157 532 736 1602 
1158 763 898 1602 
1159 704 961 1603 
1160 849 944 1603 
1161 562 919 1604 
1162 656 972 1604 
1163 701 954 1605 
1164 966 981 1605 
1165 554 1002 1606 
1166 738 778 1606 
1167 612 992 1607 
1168 817 1012 1607 
1169 522 932 1608 
1170 525 864 1608 
1171 676 777 1609 
1172 942 993 1609 
1173 655 853 1610 
1174 617 869 1610 
1175 669 687 1611 
1176 602 616 1611 
1177 567 637 1612 
1178 638 811 1612 
1179 537 594 1613 
1180 801 946 1613 
1181 548 629 1614 
1182 640 831 1614 
1183 626 855 1615 
1184 761 775 1615 
1185 771 887 1616 
1186 658 778 1616 
1187 797 900 1617 
1188 815 1007 1617 
1189 643 764 1618 
1190 517 816 1618 
1191 727 878 1619 
1192 671 865 1619 
1193 729 894 1620 
1194 593 953 1620 
1195 569 641 1621 
1196 564 787 1621 
1197 961 1003 1622 
1198 559 863 1622 
1199 515 629 1623 
1200 597 771 1623 
1201 645 734 1624 
1202 789 889 1624 
1203 545 986 1625 
1204 882 999 1625 
1205 621 904 1626 
1206 684 739 1626 
1207 590 814 1627 
1208 673 937 1627 
1209 724 825 1628 
1210 614 914 1628 
1211 871 976 1629 
1212 606 854 1629 
1213 725 1000 1630 
1214 756 930 1630 
1215 844 861 1631 
1216 514 723 1631 
1217 996 1015 1632 
1218 738 896 1632 
1219 570 949 1633 
1220 587 964 1633 
1221 558 988 1634 
1222 624 705 1634 
1223 962 1013 1635 
1224 751 1021 1635 
1225 954 966 1636 
1226 525 851 1636 
1227 716 893 1637 
1228 628 882 1637 
1229 557 895 1638 
1230 830 931 1638 
1231 822 830 1639 
1232 767 855 1639 
1233 605 885 1640 
1234 546 555 1640 
1235 520 810 1641 
1236 552 615 1641 
1237 909 988 1642 
1238 706 875 1642 
1239 527 647 1643 
1240 569 807 1643 
1241 795 915 1644 
1242 766 866 1644 
1243 874 923 1645 
1244 602 867 1645 
1245 783 796 1646 
1246 838 945 1646 
1247 719 818 1647 
1248 538 824 1647 
1249 534 607 1648 
1250 559 632 1648 
1251 789 883 1649 
1252 561 776 1649 
1253 684 840 1650 
1254 702 831 1650 
1255 842 1008 1651 
1256 511 1010 1651 
1257 511 519 1652 
1258 625 935 1652 
1259 577 991 1653 
1260 810 993 1653 
1261 875 892 1654 
1262 678 693 1654 
1263 706 994 1655 
1264 899 938 1655 
1265 880 906 1656 
1266 913 920 1656 
1267 609 664 1657 
1268 566 737 1657 
1269 754 769 1658 
1270 604 808 1658 
1271 823 1003 1659 
1272 973 995 1659 
1273 785 836 1660 
1274 551 608 1660 
1275 576 857 1661 
1276 535 734 1661 
1277 708 728 1662 
1278 1013 1020 1662 
1279 781 905 1663 
1280 677 1017 1663 
1281 743 951 1664 
1282 883 907 1664 
1283 667 884 1665 
1284 732 991 1665 
1285 581 606 1666 
1286 537 845 1666 
1287 547 741 1667 
1288 674 943 1667 
1289 711 799 1668 
1290 722 839 1668 
1291 753 846 1669 
1292 615 841 1669 
1293 582 780 1670 
1294 721 997 1670 
1295 623 955 1671 
1296 699 772 1671 
1297 636 701 1672 
1298 773 839 1672 
1299 801 908 1673 
1300 748 978 1673 
1301 580 774 1674 
1302 609 627 1674 
1303 717 879 1675 
1304 838 1001 1675 
1305 824 886 1676 
1306 900 937 1676 
1307 890 911 1677 
1308 916 931 1677 
1309 647 751 1678 
1310 757 841 1678 
1311 553 862 1679 
1312 828 920 1679 
1313 626 910 1680 
1314 641 672 1680 
1315 777 864 1681 
1316 772 902 1681 
1317 661 936 1682 
1318 675 918 1682 
1319 611 779 1683 
1320 698 730 1683 
1321 614 707 1684 
1322 645 697 1684 
1323 724 733 1685 
1324 620 749 1685 
1325 581 847 1686 
1326 682 873 1686 
1327 745 840 1687 
1328 654 761 1687 
1329 565 768 1688 
1330 578 774 1688 
1331 689 780 1689 
1332 852 902 1689 
1333 611 980 1690 
1334 570 742 1690 
1335 526 898 1691 
1336 595 853 1691 
1337 603 680 1692 
1338 542 911 1692 
1339 784 872 1693 
1340 713 1016 1693 
1341 539 730 1694 
1342 563 635 1694 
1343 612 735 1695 
1344 592 685 1695 
1345 639 697 1696 
1346 856 903 1696 
1347 613 628 1697 
1348 649 679 1697 
1349 750 869 1698 
1350 550 796 1698 
1351 718 760 1699 
1352 530 650 1699 
1353 661 679 1700 
1354 736 1018 1700 
1355 518 753 1701 
1356 600 722 1701 
1357 767 833 1702 
1358 663 787 1702 
1359 762 990 1703 
1360 652 928 1703 
1361 565 740 1704 
1362 850 929 1704 
1363 607 656 1705 
1364 802 975 1705 
1365 989 1011 1706 
1366 519 910 1706 
1367 731 987 1707 
1368 654 655 1707 
1369 676 809 1708 
1370 544 813 1708 
1371 657 829 1709 
1372 640 971 1709 
1373 520 834 1710 
1374 527 887 1710 
1375 545 891 1711 
1376 798 867 1711 
1377 786 958 1712 
1378 946 1014 1712 
1379 575 595 1713 
1380 594 691 1713 
1381 531 930 1714 
1382 633 981 1714 
1383 580 694 1715 
1384 516 889 1715 
1385 750 880 1716 
1386 800 927 1716 
1387 826 884 1717 
1388 618 694 1717 
1389 553 828 1718 
1390 827 959 1718 
1391 549 897 1719 
1392 870 1022 1719 
1393 743 782 1720 
1394 683 705 1720 
1395 726 1016 1721 
1396 523 834 1721 
1397 959 963 1722 
1398 916 917 1722 
1399 664 793 1723 
1400 821 1009 1723 
1401 533 821 1724 
1402 568 818 1724 
1403 700 847 1725 
1404 514 622 1725 
1405 541 737 1726 
1406 558 974 1726 
1407 762 926 1727 
1408 608 1005 1727 
1409 825 960 1728 
1410 685 962 1728 
1411 529 768 1729 
1412 530 863 1729 
1413 544 682 1730 
1414 523 590 1730 
1415 598 678 1731 
1416 942 976 1731 
1417 587 648 1732 
1418 528 779 1732 
1419 858 912 1733 
1420 567 854 1733 
1421 759 944 1734 
1422 601 807 1734 
1423 528 1019 1735 
1424 733 805 1735 
1425 699 1004 1736 
1426 618 727 1736 
1427 665 909 1737 
1428 856 923 1737 
1429 524 812 1738 
1430 660 714 1738 
1431 543 596 1739 
1432 784 811 1739 
1433 585 947 1740 
1434 599 785 1740 
1435 759 935 1741 
1436 792 876 1741 
1437 623 764 1742 
1438 621 662 1742 
1439 877 971 1743 
1440 677 939 1743 
1441 715 770 1744 
1442 803 1009 1744 
1443 533 804 1745 
1444 583 1021 1745 
1445 657 742 1746 
1446 522 852 1746 
1447 755 846 1747 
1448 670 844 1747 
1449 871 906 1748 
1450 696 986 1748 
1451 798 872 1749 
1452 552 929 1749 
1453 669 987 1750 
1454 668 740 1750 
1455 631 651 1751 
1456 512 826 1751 
1457 725 982 1752 
1458 644 695 1752 
1459 512 865 1753 
1460 532 675 1753 
1461 835 997 1754 
1462 646 941 1754 
1463 579 752 1755 
1464 529 583 1755 
1465 575 888 1756 
1466 601 786 1756 
1467 634 895 1757 
1468 521 646 1757 
1469 791 978 1758 
1470 556 799 1758 
1471 899 957 1759 
1472 616 719 1759 
1473 517 969 1760 
1474 578 781 1760 
1475 681 948 1761 
1476 674 957 1761 
1477 650 732 1762 
1478 783 928 1762 
1479 897 970 1763 
1480 624 868 1763 
1481 649 939 1764 
1482 773 809 1764 
1483 555 758 1765 
1484 820 915 1765 
1485 540 586 1766 
1486 922 927 1766 
1487 589 600 1767 
1488 735 816 1767 
1489 639 696 1768 
1490 858 917 1768 
1491 717 868 1769 
1492 892 963 1769 
1493 819 896 1770 
1494 700 1019 1770 
1495 550 951 1771 
1496 603 827 1771 
1497 878 965 1772 
1498 572 952 1772 
1499 635 823 1773 
1500 702 814 1773 
1501 622 932 1774 
1502 790 794 1774 
1503 744 1010 1775 
1504 579 964 1775 
1505 832 907 1776 
1506 535 765 1776 
1507 521 1022 1777 
1508 536 850 1777 
1509 627 977 1778 
1510 924 947 1778 
1511 563 620 1779 
1512 619 870 1779 
1513 940 949 1780 
1514 549 681 1780 
1515 845 938 1781 
1516 714 913 1781 
1517 728 891 1782 
1518 630 968 1782 
1519 791 881 1783 
1520 712 990 1783 
1521 693 775 1784 
1522 692 832 1784 
1523 653 720 1785 
1524 703 709 1785 
1525 925 952 1786 
1526 720 914 1786 
1527 842 934 1787 
1528 912 972 1787 
1529 673 770 1788 
1530 729 874 1788 
1531 632 994 1789 
1532 566 752 1789 
1533 536 644 1790 
1534 547 820 1790 
1535 1023 1024 1791 
1536 1025 1026 1791 
1537 1027 1028 1792 
1538 1029 1030 1792 
1539 1031 1032 1793 
1540 1033 1034 1793 
1541 1035 1036 1794 
1542 1037 1038 1794 
1543 1039 1040 1795 
1544 1041 1042 1795 
1545 1043 1044 1796 
1546 1045 1046 1796 
1547 1047 1048 1797 
1548 1049 1050 1797 
1549 1051 1052 1798 
1550 1053 1054 1798 
1551 1055 1056 1799 
1552 1057 1058 1799 
1553 1059 1060 1800 
1554 1061 1062 1800 
1555 1063 1064 1801 
1556 1065 1066 1801 
1557 1067 1068 1802 
1558 1069 1070 1802 
1559 1071 1072 1803 
1560 1073 1074 1803 
1561 1075 1076 1804 
1562 1077 1078 1804 
1563 1079 1080 1805 
1564 1081 1082 1805 
1565 1083 1084 1806 
1566 1085 1086 1806 
1567 1087 1088 1807 
1568 1089 1090 1807 
1569 1091 1092 1808 
1570 1093 1094 1808 
1571 1095 1096 1809 
1572 1097 1098 1809 
1573 1099 1100 1810 
1574 1101 1102 1810 
1575 1103 1104 1811 
1576 1105 1106 1811 
1577 1107 1108 1812 
1578 1109 1110 1812 
1579 1111 1112 1813 
1580 1113 1114 1813 
1581 1115 1116 1814 
1582 1117 1118 1814 
1583 1119 1120 1815 
1584 1121 1122 1815 
1585 1123 1124 1816 
1586 1125 1126 1816 
1587 1127 1128 1817 
1588 1129 1130 1817 
1589 1131 1132 1818 
1590 1133 1134 1818 
1591 1135 1136 1819 
1592 1137 1138 1819 
1593 1139 1140 1820 
1594 1141 1142 1820 
1595 1143 1144 1821 
1596 1145 1146 1821 
1597 1147 1148 1822 
1598 1149 1150 1822 
1599 1151 1152 1823 
1600 1153 1154 1823 
1601 1155 1156 1824 
1602 1157 1158 1824 
1603 1159 1160 1825 
1604 1161 1162 1825 
1605 1163 1164 1826 
1606 1165 1166 1826 
1607 1167 1168 1827 
1608 1169 1170 1827 
1609 1171 1172 1828 
1610 1173 1174 1828 
1611 1175 1176 1829 
1612 1177 1178 1829 
1613 1179 1180 1830 
1614 1181 1182 1830 
1615 1183 1184 1831 
1616 1185 1186 1831 
1617 1187 1188 1832 
1618 1189 1190 1832 
1619 1191 1192 1833 
1620 1193 1194 1833 
1621 1195 1196 1834 
1622 1197 1198 1834 
1623 1199 1200 1835 
1624 1201 1202 1835 
1625 1203 1204 1836 
1626 1205 1206 1836 
1627 1207 1208 1837 
1628 1209 1210 1837 
1629 1211 1212 1838 
1630 1213 1214 1838 
1631 1215 1216 1839 
1632 1217 1218 1839 
1633 1219 1220 1840 
1634 1221 1222 1840 
1635 1223 1224 1841 
1636 1225 1226 1841 
1637 1227 1228 1842 
1638 1229 1230 1842 
1639 1231 1232 1843 
1640 1233 1234 1843 
1641 1235 1236 1844 
1642 1237 1238 1844 
1643 1239 1240 1845 
1644 1241 1242 1845 
1645 1243 1244 1846 
1646 1245 1246 1846 
1647 1247 1248 1847 
1648 1249 1250 1847 
1649 1251 1252 1848 
1650 1253 1254 1848 
1651 1255 1256 1849 
1652 1257 1258 1849 
1653 1259 1260 1850 
1654 1261 1262 1850 
1655 1263 1264 1851 
1656 1265 1266 1851 
1657 1267 1268 1852 
1658 1269 1270 1852 
1659 1271 1272 1853 
1660 1273 1274 1853 
1661 1275 1276 1854 
1662 1277 1278 1854 
1663 1279 1280 1855 
1664 1281 1282 1855 
1665 1283 1284 1856 
1666 1285 1286 1856 
1667 1287 1288 1857 
1668 1289 1290 1857 
1669 1291 1292 1858 
1670 1293 1294 1858 
1671 1295 1296 1859 
1672 1297 1298 1859 
1673 1299 1300 1860 
1674 1301 1302 1860 
1675 1303 1304 1861 
1676 1305 1306 1861 
1677 1307 1308 1862 
1678 1309 1310 1862 
1679 1311 1312 1863 
1680 1313 1314 1863 
1681 1315 1316 1864 
1682 1317 1318 1864 
1683 1319 1320 1865 
1684 1321 1322 1865 
1685 1323 1324 1866 
1686 1325 1326 1866 
1687 1327 1328 1867 
1688 1329 1330 1867 
1689 1331 1332 1868 
1690 1333 1334 1868 
1691 1335 1336 1869 
1692 1337 1338 1869 
1693 1339 1340 1870 
1694 1341 1342 1870 
1695 1343 1344 1871 
1696 1345 1346 1871 
1697 1347 1348 1872 
1698 1349 1350 1872 
1699 1351 1352 1873 
1700 1353 1354 1873 
1701 1355 1356 1874 
1702 1357 1358 1874 
1703 1359 1360 1875 
1704 1361 1362 1875 
1705 1363 1364 1876 
1706 1365 1366 1876 
1707 1367 1368 1877 
1708 1369 1370 1877 
1709 1371 1372 1878 
1710 1373 1374 1878 
1711 1375 1376 1879 
1712 1377 1378 1879 
1713 1379 1380 1880 
1714 1381 1382 1880 
1715 1383 1384 1881 
1716 1385 1386 1881 
1717 1387 1388 1882 
1718 1389 1390 1882 
1719 1391 1392 1883 
1720 1393 1394 1883 
1721 1395 1396 1884 
1722 1397 1398 1884 
1723 1399 1400 1885 
1724 1401 1402 1885 
1725 1403 1404 1886 
1726 1405 1406 1886 
1727 1407 1408 1887 
1728 1409 1410 1887 
1729 1411 1412 1888 
1730 1413 1414 1888 
1731 1415 1416 1889 
1732 1417 1418 1889 
1733 1419 1420 1890 
1734 1421 1422 1890 
1735 1423 1424 1891 
1736 1425 1426 1891 
1737 1427 1428 1892 
1738 1429 1430 1892 
1739 1431 1432 1893 
1740 1433 1434 1893 
1741 1435 1436 1894 
1742 1437 1438 1894 
1743 1439 1440 1895 
1744 1441 1442 1895 
1745 1443 1444 1896 
1746 1445 1446 1896 
1747 1447 1448 1897 
1748 1449 1450 1897 
1749 1451 1452 1898 
1750 1453 1454 1898 
1751 1455 1456 1899 
1752 1457 1458 1899 
1753 1459 1460 1900 
1754 1461 1462 1900 
1755 1463 1464 1901 
1756 1465 1466 1901 
1757 1467 1468 1902 
1758 1469 1470 1902 
1759 1471 1472 1903 
1760 1473 1474 1903 
1761 1475 1476 1904 
1762 1477 1478 1904 
1763 1479 1480 1905 
1764 1481 1482 1905 
1765 1483 1484 1906 
1766 1485 1486 1906 
1767 1487 1488 1907 
1768 1489 1490 1907 
1769 1491 1492 1908 
1770 1493 1494 1908 
1771 1495 1496 1909 
1772 1497 1498 1909 
1773 1499 1500 1910 
1774 1501 1502 1910 
1775 1503 1504 1911 
1776 1505 1506 1911 
1777 1507 1508 1912 
1778 1509 1510 1912 
1779 1511 1512 1913 
1780 1513 1514 1913 
1781 1515 1516 1914 
1782 1517 1518 1914 
1783 1519 1520 1915 
1784 1521 1522 1915 
1785 1523 1524 1916 
1786 1525 1526 1916 
1787 1527 1528 1917 
1788 1529 1530 1917 
1789 1531 1532 1918 
1790 1533 1534 1918 
1791 1535 1536 1919 
1792 1537 1538 1919 
1793 1539 1540 1920 
1794 1541 1542 1920 
1795 1543 1544 1921 
1796 1545 1546 1921 
1797 1547 1548 1922 
1798 1549 1550 1922 
1799 1551 1552 1923 
1800 1553 1554 1923 
1801 1555 1556 1924 
1802 1557 1558 1924 
1803 1559 1560 1925 
1804 1561 1562 1925 
1805 1563 1564 1926 
1806 1565 1566 1926 
1807 1567 1568 1927 
1808 1569 1570 1927 
1809 1571 1572 1928 
1810 1573 1574 1928 
1811 1575 1576 1929 
1812 1577 1578 1929 
1813 1579 1580 1930 
1814 1581 1582 1930 
1815 1583 1584 1931 
1816 1585 1586 1931 
1817 1587 1588 1932 
1818 1589 1590 1932 
1819 1591 1592 1933 
1820 1593 1594 1933 
1821 1595 1596 1934 
1822 1597 1598 1934 
1823 1599 1600 1935 
1824 1601 1602 1935 
1825 1603 1604 1936 
1826 1605 1606 1936 
1827 1607 1608 1937 
1828 1609 1610 1937 
1829 1611 1612 1938 
1830 1613 1614 1938 
1831 1615 1616 1939 
1832 1617 1618 1939 
1833 1619 1620 1940 
1834 1621 1622 1940 
1835 1623 1624 1941 
1836 1625 1626 1941 
1837 1627 1628 1942 
1838 1629 1630 1942 
1839 1631 1632 1943 
1840 1633 1634 1943 
1841 1635 1636 1944 
1842 1637 1638 1944 
1843 1639 1640 1945 
1844 1641 1642 1945 
1845 1643 1644 1946 
1846 1645 1646 1946 
1847 1647 1648 1947 
1848 1649 1650 1947 
1849 1651 1652 1948 
1850 1653 1654 1948 
1851 1655 1656 1949 
1852 1657 1658 1949 
1853 1659 1660 1950 
1854 1661 1662 1950 
1855 1663 1664 1951 
1856 1665 1666 1951 
1857 1667 1668 1952 
1858 1669 1670 1952 
1859 1671 1672 1953 
1860 1673 1674 1953 
1861 1675 1676 1954 
1862 1677 1678 1954 
1863 1679 1680 1955 
1864 1681 1682 1955 
1865 1683 1684 1956 
1866 1685 1686 1956 
1867 1687 1688 1957 
1868 1689 1690 1957 
1869 1691 1692 1958 
1870 1693 1694 1958 
1871 1695 1696 1959 
1872 1697 1698 1959 
1873 1699 1700 1960 
1874 1701 1702 1960 
1875 1703 1704 1961 
1876 1705 1706 1961 
1877 1707 1708 1962 
1878 1709 1710 1962 
1879 1711 1712 1963 
1880 1713 1714 1963 
1881 1715 1716 1964 
1882 1717 1718 1964 
1883 1719 1720 1965 
1884 1721 1722 1965 
1885 1723 1724 1966 
1886 1725 1726 1966 
1887 1727 1728 1967 
1888 1729 1730 1967 
1889 1731 1732 1968 
1890 1733 1734 1968 
1891 1735 1736 1969 
1892 1737 1738 1969 
1893 1739 1740 1970 
1894 1741 1742 1970 
1895 1743 1744 1971 
1896 1745 1746 1971 
1897 1747 1748 1972 
1898 1749 1750 1972 
1899 1751 1752 1973 
1900 1753 1754 1973 
1901 1755 1756 1974 
1902 1757 1758 1974 
1903 1759 1760 1975 
1904 1761 1762 1975 
1905 1763 1764 1976 
1906 1765 1766 1976 
1907 1767 1768 1977 
1908 1769 1770 1977 
1909 1771 1772 1978 
1910 1773 1774 1978 
1911 1775 1776 1979 
1912 1777 1778 1979 
1913 1779 1780 1980 
1914 1781 1782 1980 
1915 1783 1784 1981 
1916 1785 1786 1981 
1917 1787 1788 1982 
1918 1789 1790 1982 
1919 1791 1792 1983 
1920 1793 1794 1983 
1921 1795 1796 1984 
1922 1797 1798 1984 
1923 1799 1800 1985 
1924 1801 1802 1985 
1925 1803 1804 1986 
1926 1805 1806 1986 
1927 1807 1808 1987 
1928 1809 1810 1987 
1929 1811 1812 1988 
1930 1813 1814 1988 
1931 1815 1816 1989 
1932 1817 1818 1989 
1933 1819 1820 1990 
1934 1821 1822 1990 
1935 1823 1824 1991 
1936 1825 1826 1991 
1937 1827 1828 1992 
1938 1829 1830 1992 
1939 1831 1832 1993 
1940 1833 1834 1993 
1941 1835 1836 1994 
1942 1837 1838 1994 
1943 1839 1840 1995 
1944 1841 1842 1995 
1945 1843 1844 1996 
1946 1845 1846 1996 
1947 1847 1848 1997 
1948 1849 1850 1997 
1949 1851 1852 1998 
1950 1853 1854 1998 
1951 1855 1856 1999 
1952 1857 1858 1999 
1953 1859 1860 2000 
1954 1861 1862 2000 
1955 1863 1864 2001 
1956 1865 1866 2001 
1957 1867 1868 2002 
1958 1869 1870 2002 
1959 1871 1872 2003 
1960 1873 1874 2003 
1961 1875 1876 2004 
1962 1877 1878 2004 
1963 1879 1880 2005 
1964 1881 1882 2005 
1965 1883 1884 2006 
1966 1885 1886 2006 
1967 1887 1888 2007 
1968 1889 1890 2007 
1969 1891 1892 2008 
1970 1893 1894 2008 
1971 1895 1896 2009 
1972 1897 1898 2009 
1973 1899 1900 2010 
1974 1901 1902 2010 
1975 1903 1904 2011 
1976 1905 1906 2011 
1977 1907 1908 2012 
1978 1909 1910 2012 
1979 1911 1912 2013 
1980 1913 1914 2013 
1981 1915 1916 2014 
1982 1917 1918 2014 
1983 1919 1920 2015 
1984 1921 1922 2015 
1985 1923 1924 2016 
1986 1925 1926 2016 
1987 1927 1928 2017 
1988 1929 1930 2017 
1989 1931 1932 2018 
1990 1933 1934 2018 
1991 1935 1936 2019 
1992 1937 1938 2019 
1993 1939 1940 2020 
1994 1941 1942 2020 
1995 1943 1944 2021 
1996 1945 1946 2021 
1997 1947 1948 2022 
1998 1949 1950 2022 
1999 1951 1952 2023 
2000 1953 1954 2023 
2001 1955 1956 2024 
2002 1957 1958 2024 
2003 1959 1960 2025 
2004 1961 1962 2025 
2005 1963 1964 2026 
2006 1965 1966 2026 
2007 1967 1968 2027 
2008 1969 1970 2027 
2009 1971 1972 2028 
2010 1973 1974 2028 
2011 1975 1976 2029 
2012 1977 1978 2029 
2013 1979 1980 2030 
2014 1981 1982 2030 
2015 1983 1984 2031 
2016 1985 1986 2031 
2017 1987 1988 2032 
2018 1989 1990 2032 
2019 1991 1992 2033 
2020 1993 1994 2033 
2021 1995 1996 2034 
2022 1997 1998 2034 
2023 1999 2000 2035 
2024 2001 2002 2035 
2025 2003 2004 2036 
2026 2005 2006 2036 
2027 2007 2008 2037 
2028 2009 2010 2037 
2029 2011 2012 2038 
2030 2013 2014 2038 
2031 2015 2016 2039 
2032 2017 2018 2039 
2033 2019 2020 2040 
2034 2021 2022 2040 
2035 2023 2024 2041 
2036 2025 2026 2041 
2037 2027 2028 2042 
2038 2029 2030 2042 
2039 2031 2032 2043 
2040 2033 2034 2043 
2041 2035 2036 2044 
2042 2037 2038 2044 
2043 2039 2040 2045 
2044 2041 2042 2045 
2045 2043 2044 
