0 1 2 
1 0 3 4 
2 0 5 6 
3 1 7 8 
4 1 9 10 
5 2 11 12 
6 2 13 14 
7 3 15 16 
8 3 17 18 
9 4 19 20 
10 4 21 22 
11 5 23 24 
12 5 25 26 
13 6 27 28 
14 6 29 30 
15 7 31 32 
16 7 33 34 
17 8 35 36 
18 8 37 38 
19 9 39 40 
20 9 41 42 
21 10 43 44 
22 10 45 46 
23 11 47 48 
24 11 49 50 
25 12 51 52 
26 12 53 54 
27 13 55 56 
28 13 57 58 
29 14 59 60 
30 14 61 62 
31 15 63 64 
32 15 65 66 
33 16 67 68 
34 16 69 70 
35 17 71 72 
36 17 73 74 
37 18 75 76 
38 18 77 78 
39 19 79 80 
40 19 81 82 
41 20 83 84 
42 20 85 86 
43 21 87 88 
44 21 89 90 
45 22 91 92 
46 22 93 94 
47 23 95 96 
48 23 97 98 
49 24 99 100 
50 24 101 102 
51 25 103 104 
52 25 105 106 
53 26 107 108 
54 26 109 110 
55 27 111 112 
56 27 113 114 
57 28 115 116 
58 28 117 118 
59 29 119 120 
60 29 121 122 
61 30 123 124 
62 30 125 126 
63 31 127 128 
64 31 129 130 
65 32 131 132 
66 32 133 134 
67 33 135 136 
68 33 137 138 
69 34 139 140 
70 34 141 142 
71 35 143 144 
72 35 145 146 
73 36 147 148 
74 36 149 150 
75 37 151 152 
76 37 153 154 
77 38 155 156 
78 38 157 158 
79 39 159 160 
80 39 161 162 
81 40 163 164 
82 40 165 166 
83 41 167 168 
84 41 169 170 
85 42 171 172 
86 42 173 174 
87 43 175 176 
88 43 177 178 
89 44 179 180 
90 44 181 182 
91 45 183 184 
92 45 185 186 
93 46 187 188 
94 46 189 190 
95 47 191 192 
96 47 193 194 
97 48 195 196 
98 48 197 198 
99 49 199 200 
100 49 201 202 
101 50 203 204 
102 50 205 206 
103 51 207 208 
104 51 209 210 
105 52 211 212 
106 52 213 214 
107 53 215 216 
108 53 217 218 
109 54 219 220 
110 54 221 222 
111 55 223 224 
112 55 225 226 
113 56 227 228 
114 56 229 230 
115 57 231 232 
116 57 233 234 
117 58 235 236 
118 58 237 238 
119 59 239 240 
120 59 241 242 
121 60 243 244 
122 60 245 246 
123 61 247 248 
124 61 249 250 
125 62 251 252 
126 62 253 254 
127 63 255 256 
128 63 257 258 
129 64 259 260 
130 64 261 262 
131 65 263 264 
132 65 265 266 
133 66 267 268 
134 66 269 270 
135 67 271 272 
136 67 273 274 
137 68 275 276 
138 68 277 278 
139 69 279 280 
140 69 281 282 
141 70 283 284 
142 70 285 286 
143 71 287 288 
144 71 289 290 
145 72 291 292 
146 72 293 294 
147 73 295 296 
148 73 297 298 
149 74 299 300 
150 74 301 302 
151 75 303 304 
152 75 305 306 
153 76 307 308 
154 76 309 310 
155 77 311 312 
156 77 313 314 
157 78 315 316 
158 78 317 318 
159 79 319 320 
160 79 321 322 
161 80 323 324 
162 80 325 326 
163 81 327 328 
164 81 329 330 
165 82 331 332 
166 82 333 334 
167 83 335 336 
168 83 337 338 
169 84 339 340 
170 84 341 342 
171 85 343 344 
172 85 345 346 
173 86 347 348 
174 86 349 350 
175 87 351 352 
176 87 353 354 
177 88 355 356 
178 88 357 358 
179 89 359 360 
180 89 361 362 
181 90 363 364 
182 90 365 366 
183 91 367 368 
184 91 369 370 
185 92 371 372 
186 92 373 374 
187 93 375 376 
188 93 377 378 
189 94 379 380 
190 94 381 382 
191 95 383 384 
192 95 385 386 
193 96 387 388 
194 96 389 390 
195 97 391 392 
196 97 393 394 
197 98 395 396 
198 98 397 398 
199 99 399 400 
200 99 401 402 
201 100 403 404 
202 100 405 406 
203 101 407 408 
204 101 409 410 
205 102 411 412 
206 102 413 414 
207 103 415 416 
208 103 417 418 
209 104 419 420 
210 104 421 422 
211 105 423 424 
212 105 425 426 
213 106 427 428 
214 106 429 430 
215 107 431 432 
216 107 433 434 
217 108 435 436 
218 108 437 438 
219 109 439 440 
220 109 441 442 
221 110 443 444 
222 110 445 446 
223 111 447 448 
224 111 449 450 
225 112 451 452 
226 112 453 454 
227 113 455 456 
228 113 457 458 
229 114 459 460 
230 114 461 462 
231 115 463 464 
232 115 465 466 
233 116 467 468 
234 116 469 470 
235 117 471 472 
236 117 473 474 
237 118 475 476 
238 118 477 478 
239 119 479 480 
240 119 481 482 
241 120 483 484 
242 120 485 486 
243 121 487 488 
244 121 489 490 
245 122 491 492 
246 122 493 494 
247 123 495 496 
248 123 497 498 
249 124 499 500 
250 124 501 502 
251 125 503 504 
252 125 505 506 
253 126 507 508 
254 126 509 510 
255 127 511 512 
256 127 513 514 
257 128 515 516 
258 128 517 518 
259 129 519 520 
260 129 521 522 
261 130 523 524 
262 130 525 526 
263 131 527 528 
264 131 529 530 
265 132 531 532 
266 132 533 534 
267 133 535 536 
268 133 537 538 
269 134 539 540 
270 134 541 542 
271 135 543 544 
272 135 545 546 
273 136 547 548 
274 136 549 550 
275 137 551 552 
276 137 553 554 
277 138 555 556 
278 138 557 558 
279 139 559 560 
280 139 561 562 
281 140 563 564 
282 140 565 566 
283 141 567 568 
284 141 569 570 
285 142 571 572 
286 142 573 574 
287 143 575 576 
288 143 577 578 
289 144 579 580 
290 144 581 582 
291 145 583 584 
292 145 585 586 
293 146 587 588 
294 146 589 590 
295 147 591 592 
296 147 593 594 
297 148 595 596 
298 148 597 598 
299 149 599 600 
300 149 601 602 
301 150 603 604 
302 150 605 606 
303 151 607 608 
304 151 609 610 
305 152 611 612 
306 152 613 614 
307 153 615 616 
308 153 617 618 
309 154 619 620 
310 154 621 622 
311 155 623 624 
312 155 625 626 
313 156 627 628 
314 156 629 630 
315 157 631 632 
316 157 633 634 
317 158 635 636 
318 158 637 638 
319 159 639 640 
320 159 641 642 
321 160 643 644 
322 160 645 646 
323 161 647 648 
324 161 649 650 
325 162 651 652 
326 162 653 654 
327 163 655 656 
328 163 657 658 
329 164 659 660 
330 164 661 662 
331 165 663 664 
332 165 665 666 
333 166 667 668 
334 166 669 670 
335 167 671 672 
336 167 673 674 
337 168 675 676 
338 168 677 678 
339 169 679 680 
340 169 681 682 
341 170 683 684 
342 170 685 686 
343 171 687 688 
344 171 689 690 
345 172 691 692 
346 172 693 694 
347 173 695 696 
348 173 697 698 
349 174 699 700 
350 174 701 702 
351 175 703 704 
352 175 705 706 
353 176 707 708 
354 176 709 710 
355 177 711 712 
356 177 713 714 
357 178 715 716 
358 178 717 718 
359 179 719 720 
360 179 721 722 
361 180 723 724 
362 180 725 726 
363 181 727 728 
364 181 729 730 
365 182 731 732 
366 182 733 734 
367 183 735 736 
368 183 737 738 
369 184 739 740 
370 184 741 742 
371 185 743 744 
372 185 745 746 
373 186 747 748 
374 186 749 750 
375 187 751 752 
376 187 753 754 
377 188 755 756 
378 188 757 758 
379 189 759 760 
380 189 761 762 
381 190 763 764 
382 190 765 766 
383 191 767 768 
384 191 769 770 
385 192 771 772 
386 192 773 774 
387 193 775 776 
388 193 777 778 
389 194 779 780 
390 194 781 782 
391 195 783 784 
392 195 785 786 
393 196 787 788 
394 196 789 790 
395 197 791 792 
396 197 793 794 
397 198 795 796 
398 198 797 798 
399 199 799 800 
400 199 801 802 
401 200 803 804 
402 200 805 806 
403 201 807 808 
404 201 809 810 
405 202 811 812 
406 202 813 814 
407 203 815 816 
408 203 817 818 
409 204 819 820 
410 204 821 822 
411 205 823 824 
412 205 825 826 
413 206 827 828 
414 206 829 830 
415 207 831 832 
416 207 833 834 
417 208 835 836 
418 208 837 838 
419 209 839 840 
420 209 841 842 
421 210 843 844 
422 210 845 846 
423 211 847 848 
424 211 849 850 
425 212 851 852 
426 212 853 854 
427 213 855 856 
428 213 857 858 
429 214 859 860 
430 214 861 862 
431 215 863 864 
432 215 865 866 
433 216 867 868 
434 216 869 870 
435 217 871 872 
436 217 873 874 
437 218 875 876 
438 218 877 878 
439 219 879 880 
440 219 881 882 
441 220 883 884 
442 220 885 886 
443 221 887 888 
444 221 889 890 
445 222 891 892 
446 222 893 894 
447 223 895 896 
448 223 897 898 
449 224 899 900 
450 224 901 902 
451 225 903 904 
452 225 905 906 
453 226 907 908 
454 226 909 910 
455 227 911 912 
456 227 913 914 
457 228 915 916 
458 228 917 918 
459 229 919 920 
460 229 921 922 
461 230 923 924 
462 230 925 926 
463 231 927 928 
464 231 929 930 
465 232 931 932 
466 232 933 934 
467 233 935 936 
468 233 937 938 
469 234 939 940 
470 234 941 942 
471 235 943 944 
472 235 945 946 
473 236 947 948 
474 236 949 950 
475 237 951 952 
476 237 953 954 
477 238 955 956 
478 238 957 958 
479 239 959 960 
480 239 961 962 
481 240 963 964 
482 240 965 966 
483 241 967 968 
484 241 969 970 
485 242 971 972 
486 242 973 974 
487 243 975 976 
488 243 977 978 
489 244 979 980 
490 244 981 982 
491 245 983 984 
492 245 985 986 
493 246 987 988 
494 246 989 990 
495 247 991 992 
496 247 993 994 
497 248 995 996 
498 248 997 998 
499 249 999 1000 
500 249 1001 1002 
501 250 1003 1004 
502 250 1005 1006 
503 251 1007 1008 
504 251 1009 1010 
505 252 1011 1012 
506 252 1013 1014 
507 253 1015 1016 
508 253 1017 1018 
509 254 1019 1020 
510 254 1021 1022 
511 255 1023 1024 
512 255 1025 1026 
513 256 1027 1028 
514 256 1029 1030 
515 257 1031 1032 
516 257 1033 1034 
517 258 1035 1036 
518 258 1037 1038 
519 259 1039 1040 
520 259 1041 1042 
521 260 1043 1044 
522 260 1045 1046 
523 261 1047 1048 
524 261 1049 1050 
525 262 1051 1052 
526 262 1053 1054 
527 263 1055 1056 
528 263 1057 1058 
529 264 1059 1060 
530 264 1061 1062 
531 265 1063 1064 
532 265 1065 1066 
533 266 1067 1068 
534 266 1069 1070 
535 267 1071 1072 
536 267 1073 1074 
537 268 1075 1076 
538 268 1077 1078 
539 269 1079 1080 
540 269 1081 1082 
541 270 1083 1084 
542 270 1085 1086 
543 271 1087 1088 
544 271 1089 1090 
545 272 1091 1092 
546 272 1093 1094 
547 273 1095 1096 
548 273 1097 1098 
549 274 1099 1100 
550 274 1101 1102 
551 275 1103 1104 
552 275 1105 1106 
553 276 1107 1108 
554 276 1109 1110 
555 277 1111 1112 
556 277 1113 1114 
557 278 1115 1116 
558 278 1117 1118 
559 279 1119 1120 
560 279 1121 1122 
561 280 1123 1124 
562 280 1125 1126 
563 281 1127 1128 
564 281 1129 1130 
565 282 1131 1132 
566 282 1133 1134 
567 283 1135 1136 
568 283 1137 1138 
569 284 1139 1140 
570 284 1141 1142 
571 285 1143 1144 
572 285 1145 1146 
573 286 1147 1148 
574 286 1149 1150 
575 287 1151 1152 
576 287 1153 1154 
577 288 1155 1156 
578 288 1157 1158 
579 289 1159 1160 
580 289 1161 1162 
581 290 1163 1164 
582 290 1165 1166 
583 291 1167 1168 
584 291 1169 1170 
585 292 1171 1172 
586 292 1173 1174 
587 293 1175 1176 
588 293 1177 1178 
589 294 1179 1180 
590 294 1181 1182 
591 295 1183 1184 
592 295 1185 1186 
593 296 1187 1188 
594 296 1189 1190 
595 297 1191 1192 
596 297 1193 1194 
597 298 1195 1196 
598 298 1197 1198 
599 299 1199 1200 
600 299 1201 1202 
601 300 1203 1204 
602 300 1205 1206 
603 301 1207 1208 
604 301 1209 1210 
605 302 1211 1212 
606 302 1213 1214 
607 303 1215 1216 
608 303 1217 1218 
609 304 1219 1220 
610 304 1221 1222 
611 305 1223 1224 
612 305 1225 1226 
613 306 1227 1228 
614 306 1229 1230 
615 307 1231 1232 
616 307 1233 1234 
617 308 1235 1236 
618 308 1237 1238 
619 309 1239 1240 
620 309 1241 1242 
621 310 1243 1244 
622 310 1245 1246 
623 311 1247 1248 
624 311 1249 1250 
625 312 1251 1252 
626 312 1253 1254 
627 313 1255 1256 
628 313 1257 1258 
629 314 1259 1260 
630 314 1261 1262 
631 315 1263 1264 
632 315 1265 1266 
633 316 1267 1268 
634 316 1269 1270 
635 317 1271 1272 
636 317 1273 1274 
637 318 1275 1276 
638 318 1277 1278 
639 319 1279 1280 
640 319 1281 1282 
641 320 1283 1284 
642 320 1285 1286 
643 321 1287 1288 
644 321 1289 1290 
645 322 1291 1292 
646 322 1293 1294 
647 323 1295 1296 
648 323 1297 1298 
649 324 1299 1300 
650 324 1301 1302 
651 325 1303 1304 
652 325 1305 1306 
653 326 1307 1308 
654 326 1309 1310 
655 327 1311 1312 
656 327 1313 1314 
657 328 1315 1316 
658 328 1317 1318 
659 329 1319 1320 
660 329 1321 1322 
661 330 1323 1324 
662 330 1325 1326 
663 331 1327 1328 
664 331 1329 1330 
665 332 1331 1332 
666 332 1333 1334 
667 333 1335 1336 
668 333 1337 1338 
669 334 1339 1340 
670 334 1341 1342 
671 335 1343 1344 
672 335 1345 1346 
673 336 1347 1348 
674 336 1349 1350 
675 337 1351 1352 
676 337 1353 1354 
677 338 1355 1356 
678 338 1357 1358 
679 339 1359 1360 
680 339 1361 1362 
681 340 1363 1364 
682 340 1365 1366 
683 341 1367 1368 
684 341 1369 1370 
685 342 1371 1372 
686 342 1373 1374 
687 343 1375 1376 
688 343 1377 1378 
689 344 1379 1380 
690 344 1381 1382 
691 345 1383 1384 
692 345 1385 1386 
693 346 1387 1388 
694 346 1389 1390 
695 347 1391 1392 
696 347 1393 1394 
697 348 1395 1396 
698 348 1397 1398 
699 349 1399 1400 
700 349 1401 1402 
701 350 1403 1404 
702 350 1405 1406 
703 351 1407 1408 
704 351 1409 1410 
705 352 1411 1412 
706 352 1413 1414 
707 353 1415 1416 
708 353 1417 1418 
709 354 1419 1420 
710 354 1421 1422 
711 355 1423 1424 
712 355 1425 1426 
713 356 1427 1428 
714 356 1429 1430 
715 357 1431 1432 
716 357 1433 1434 
717 358 1435 1436 
718 358 1437 1438 
719 359 1439 1440 
720 359 1441 1442 
721 360 1443 1444 
722 360 1445 1446 
723 361 1447 1448 
724 361 1449 1450 
725 362 1451 1452 
726 362 1453 1454 
727 363 1455 1456 
728 363 1457 1458 
729 364 1459 1460 
730 364 1461 1462 
731 365 1463 1464 
732 365 1465 1466 
733 366 1467 1468 
734 366 1469 1470 
735 367 1471 1472 
736 367 1473 1474 
737 368 1475 1476 
738 368 1477 1478 
739 369 1479 1480 
740 369 1481 1482 
741 370 1483 1484 
742 370 1485 1486 
743 371 1487 1488 
744 371 1489 1490 
745 372 1491 1492 
746 372 1493 1494 
747 373 1495 1496 
748 373 1497 1498 
749 374 1499 1500 
750 374 1501 1502 
751 375 1503 1504 
752 375 1505 1506 
753 376 1507 1508 
754 376 1509 1510 
755 377 1511 1512 
756 377 1513 1514 
757 378 1515 1516 
758 378 1517 1518 
759 379 1519 1520 
760 379 1521 1522 
761 380 1523 1524 
762 380 1525 1526 
763 381 1527 1528 
764 381 1529 1530 
765 382 1531 1532 
766 382 1533 1534 
767 383 1535 1536 
768 383 1537 1538 
769 384 1539 1540 
770 384 1541 1542 
771 385 1543 1544 
772 385 1545 1546 
773 386 1547 1548 
774 386 1549 1550 
775 387 1551 1552 
776 387 1553 1554 
777 388 1555 1556 
778 388 1557 1558 
779 389 1559 1560 
780 389 1561 1562 
781 390 1563 1564 
782 390 1565 1566 
783 391 1567 1568 
784 391 1569 1570 
785 392 1571 1572 
786 392 1573 1574 
787 393 1575 1576 
788 393 1577 1578 
789 394 1579 1580 
790 394 1581 1582 
791 395 1583 1584 
792 395 1585 1586 
793 396 1587 1588 
794 396 1589 1590 
795 397 1591 1592 
796 397 1593 1594 
797 398 1595 1596 
798 398 1597 1598 
799 399 1599 1600 
800 399 1601 1602 
801 400 1603 1604 
802 400 1605 1606 
803 401 1607 1608 
804 401 1609 1610 
805 402 1611 1612 
806 402 1613 1614 
807 403 1615 1616 
808 403 1617 1618 
809 404 1619 1620 
810 404 1621 1622 
811 405 1623 1624 
812 405 1625 1626 
813 406 1627 1628 
814 406 1629 1630 
815 407 1631 1632 
816 407 1633 1634 
817 408 1635 1636 
818 408 1637 1638 
819 409 1639 1640 
820 409 1641 1642 
821 410 1643 1644 
822 410 1645 1646 
823 411 1647 1648 
824 411 1649 1650 
825 412 1651 1652 
826 412 1653 1654 
827 413 1655 1656 
828 413 1657 1658 
829 414 1659 1660 
830 414 1661 1662 
831 415 1663 1664 
832 415 1665 1666 
833 416 1667 1668 
834 416 1669 1670 
835 417 1671 1672 
836 417 1673 1674 
837 418 1675 1676 
838 418 1677 1678 
839 419 1679 1680 
840 419 1681 1682 
841 420 1683 1684 
842 420 1685 1686 
843 421 1687 1688 
844 421 1689 1690 
845 422 1691 1692 
846 422 1693 1694 
847 423 1695 1696 
848 423 1697 1698 
849 424 1699 1700 
850 424 1701 1702 
851 425 1703 1704 
852 425 1705 1706 
853 426 1707 1708 
854 426 1709 1710 
855 427 1711 1712 
856 427 1713 1714 
857 428 1715 1716 
858 428 1717 1718 
859 429 1719 1720 
860 429 1721 1722 
861 430 1723 1724 
862 430 1725 1726 
863 431 1727 1728 
864 431 1729 1730 
865 432 1731 1732 
866 432 1733 1734 
867 433 1735 1736 
868 433 1737 1738 
869 434 1739 1740 
870 434 1741 1742 
871 435 1743 1744 
872 435 1745 1746 
873 436 1747 1748 
874 436 1749 1750 
875 437 1751 1752 
876 437 1753 1754 
877 438 1755 1756 
878 438 1757 1758 
879 439 1759 1760 
880 439 1761 1762 
881 440 1763 1764 
882 440 1765 1766 
883 441 1767 1768 
884 441 1769 1770 
885 442 1771 1772 
886 442 1773 1774 
887 443 1775 1776 
888 443 1777 1778 
889 444 1779 1780 
890 444 1781 1782 
891 445 1783 1784 
892 445 1785 1786 
893 446 1787 1788 
894 446 1789 1790 
895 447 1791 1792 
896 447 1793 1794 
897 448 1795 1796 
898 448 1797 1798 
899 449 1799 1800 
900 449 1801 1802 
901 450 1803 1804 
902 450 1805 1806 
903 451 1807 1808 
904 451 1809 1810 
905 452 1811 1812 
906 452 1813 1814 
907 453 1815 1816 
908 453 1817 1818 
909 454 1819 1820 
910 454 1821 1822 
911 455 1823 1824 
912 455 1825 1826 
913 456 1827 1828 
914 456 1829 1830 
915 457 1831 1832 
916 457 1833 1834 
917 458 1835 1836 
918 458 1837 1838 
919 459 1839 1840 
920 459 1841 1842 
921 460 1843 1844 
922 460 1845 1846 
923 461 1847 1848 
924 461 1849 1850 
925 462 1851 1852 
926 462 1853 1854 
927 463 1855 1856 
928 463 1857 1858 
929 464 1859 1860 
930 464 1861 1862 
931 465 1863 1864 
932 465 1865 1866 
933 466 1867 1868 
934 466 1869 1870 
935 467 1871 1872 
936 467 1873 1874 
937 468 1875 1876 
938 468 1877 1878 
939 469 1879 1880 
940 469 1881 1882 
941 470 1883 1884 
942 470 1885 1886 
943 471 1887 1888 
944 471 1889 1890 
945 472 1891 1892 
946 472 1893 1894 
947 473 1895 1896 
948 473 1897 1898 
949 474 1899 1900 
950 474 1901 1902 
951 475 1903 1904 
952 475 1905 1906 
953 476 1907 1908 
954 476 1909 1910 
955 477 1911 1912 
956 477 1913 1914 
957 478 1915 1916 
958 478 1917 1918 
959 479 1919 1920 
960 479 1921 1922 
961 480 1923 1924 
962 480 1925 1926 
963 481 1927 1928 
964 481 1929 1930 
965 482 1931 1932 
966 482 1933 1934 
967 483 1935 1936 
968 483 1937 1938 
969 484 1939 1940 
970 484 1941 1942 
971 485 1943 1944 
972 485 1945 1946 
973 486 1947 1948 
974 486 1949 1950 
975 487 1951 1952 
976 487 1953 1954 
977 488 1955 1956 
978 488 1957 1958 
979 489 1959 1960 
980 489 1961 1962 
981 490 1963 1964 
982 490 1965 1966 
983 491 1967 1968 
984 491 1969 1970 
985 492 1971 1972 
986 492 1973 1974 
987 493 1975 1976 
988 493 1977 1978 
989 494 1979 1980 
990 494 1981 1982 
991 495 1983 1984 
992 495 1985 1986 
993 496 1987 1988 
994 496 1989 1990 
995 497 1991 1992 
996 497 1993 1994 
997 498 1995 1996 
998 498 1997 1998 
999 499 1999 2000 
1000 499 2001 2002 
1001 500 2003 2004 
1002 500 2005 2006 
1003 501 2007 2008 
1004 501 2009 2010 
1005 502 2011 2012 
1006 502 2013 2014 
1007 503 2015 2016 
1008 503 2017 2018 
1009 504 2019 2020 
1010 504 2021 2022 
1011 505 2023 2024 
1012 505 2025 2026 
1013 506 2027 2028 
1014 506 2029 2030 
1015 507 2031 2032 
1016 507 2033 2034 
1017 508 2035 2036 
1018 508 2037 2038 
1019 509 2039 2040 
1020 509 2041 2042 
1021 510 2043 2044 
1022 510 2045 2046 
1023 511 2362 3002 
1024 511 2697 2894 
1025 512 2050 2528 
1026 512 2140 2686 
1027 513 2861 3051 
1028 513 2300 3016 
1029 514 2709 2948 
1030 514 2205 2360 
1031 515 2264 2321 
1032 515 2330 2766 
1033 516 2059 2436 
1034 516 2293 2754 
1035 517 2204 2812 
1036 517 2087 2097 
1037 518 2205 2919 
1038 518 2331 2968 
1039 519 2578 2821 
1040 519 2344 2733 
1041 520 2466 2697 
1042 520 2473 2519 
1043 521 2636 2747 
1044 521 2924 3017 
1045 522 2504 2783 
1046 522 2168 2396 
1047 523 2914 2920 
1048 523 2493 2583 
1049 524 2120 2609 
1050 524 2546 2867 
1051 525 2139 2468 
1052 525 2474 3040 
1053 526 2253 2371 
1054 526 2244 2708 
1055 527 2245 2348 
1056 527 2540 2776 
1057 528 2056 2184 
1058 528 2255 2969 
1059 529 2258 3033 
1060 529 2531 2973 
1061 530 2420 2895 
1062 530 2129 2514 
1063 531 2717 2985 
1064 531 2595 2855 
1065 532 2786 2801 
1066 532 2191 2286 
1067 533 2357 2672 
1068 533 2537 2878 
1069 534 2939 3057 
1070 534 2370 3037 
1071 535 2301 2944 
1072 535 2551 2825 
1073 536 2703 2979 
1074 536 2479 2877 
1075 537 2407 2543 
1076 537 2299 2998 
1077 538 2181 2714 
1078 538 2108 2462 
1079 539 2627 2975 
1080 539 2069 2792 
1081 540 2313 2501 
1082 540 2177 2665 
1083 541 2076 2145 
1084 541 2534 2590 
1085 542 2306 2420 
1086 542 2391 2864 
1087 543 2085 2533 
1088 543 2514 2593 
1089 544 2773 2822 
1090 544 2342 2648 
1091 545 2319 2890 
1092 545 2375 2882 
1093 546 2197 2430 
1094 546 2434 2692 
1095 547 2632 2881 
1096 547 2392 2435 
1097 548 2843 2994 
1098 548 2421 3040 
1099 549 2744 3026 
1100 549 2499 2745 
1101 550 2394 2545 
1102 550 2640 2923 
1103 551 2103 2819 
1104 551 2738 2967 
1105 552 2573 2971 
1106 552 2071 2694 
1107 553 2230 2456 
1108 553 2333 2893 
1109 554 2510 2763 
1110 554 2289 2409 
1111 555 2730 2777 
1112 555 2366 2419 
1113 556 2422 2565 
1114 556 2236 2603 
1115 557 2231 2597 
1116 557 2074 2563 
1117 558 2864 3066 
1118 558 2162 2878 
1119 559 2197 2772 
1120 559 2704 2729 
1121 560 2265 2356 
1122 560 2555 2673 
1123 561 2188 2557 
1124 561 2875 2966 
1125 562 2094 2508 
1126 562 2156 3053 
1127 563 2227 2311 
1128 563 2549 2767 
1129 564 2767 2804 
1130 564 2429 2749 
1131 565 2561 2867 
1132 565 2141 2381 
1133 566 2099 2671 
1134 566 2235 2596 
1135 567 2155 2782 
1136 567 2584 2791 
1137 568 2202 2229 
1138 568 2196 2439 
1139 569 2140 2517 
1140 569 2557 2648 
1141 570 2541 3010 
1142 570 2439 2925 
1143 571 2318 2989 
1144 571 2373 2852 
1145 572 2217 2701 
1146 572 2110 2544 
1147 573 2182 2941 
1148 573 2136 2215 
1149 574 2121 2303 
1150 574 2245 2845 
1151 575 2326 2470 
1152 575 2403 2929 
1153 576 2292 3000 
1154 576 2458 2902 
1155 577 2820 2836 
1156 577 2571 2671 
1157 578 2302 2441 
1158 578 2626 2679 
1159 579 2252 2868 
1160 579 2630 2966 
1161 580 2080 2315 
1162 580 2512 2817 
1163 581 2050 2633 
1164 581 2246 2693 
1165 582 2995 3054 
1166 582 2785 3056 
1167 583 2093 2541 
1168 583 2463 2728 
1169 584 2486 2931 
1170 584 2857 2872 
1171 585 2562 3017 
1172 585 2498 2933 
1173 586 2525 2986 
1174 586 2341 3003 
1175 587 2690 2725 
1176 587 2638 2696 
1177 588 2341 2477 
1178 588 2193 3026 
1179 589 2607 2922 
1180 589 2119 2149 
1181 590 2554 2758 
1182 590 2469 2806 
1183 591 2564 3043 
1184 591 2491 2607 
1185 592 2083 2426 
1186 592 2298 2658 
1187 593 2093 2604 
1188 593 2461 2999 
1189 594 2870 3035 
1190 594 2183 2833 
1191 595 2381 2685 
1192 595 2632 2901 
1193 596 2183 2218 
1194 596 2298 3029 
1195 597 2972 3042 
1196 597 2202 2910 
1197 598 2234 2326 
1198 598 2332 2612 
1199 599 2529 2784 
1200 599 2255 2454 
1201 600 2934 2938 
1202 600 2611 3004 
1203 601 2926 2991 
1204 601 2047 2066 
1205 602 2635 2813 
1206 602 2523 2661 
1207 603 2368 2418 
1208 603 2593 2667 
1209 604 2054 2961 
1210 604 2704 3069 
1211 605 2437 2619 
1212 605 2115 2131 
1213 606 2085 2765 
1214 606 2228 2858 
1215 607 2257 2993 
1216 607 2494 2827 
1217 608 2365 2679 
1218 608 2124 2900 
1219 609 2207 2702 
1220 609 2365 2903 
1221 610 2164 2616 
1222 610 2297 2422 
1223 611 2578 2819 
1224 611 2163 2956 
1225 612 2343 3052 
1226 612 2990 3012 
1227 613 2433 2444 
1228 613 2768 2846 
1229 614 2103 2656 
1230 614 2666 2816 
1231 615 2853 2941 
1232 615 2561 2906 
1233 616 2377 2552 
1234 616 2311 2793 
1235 617 2246 2440 
1236 617 2363 3018 
1237 618 2830 2843 
1238 618 2114 2130 
1239 619 2465 2998 
1240 619 2485 2855 
1241 620 2109 2743 
1242 620 2203 2401 
1243 621 2380 2721 
1244 621 2086 2823 
1245 622 2548 3033 
1246 622 2781 3059 
1247 623 2210 2517 
1248 623 2413 3011 
1249 624 2353 2587 
1250 624 2530 2965 
1251 625 2717 2955 
1252 625 2079 2654 
1253 626 2674 2736 
1254 626 2802 2984 
1255 627 2314 2835 
1256 627 2152 2825 
1257 628 2065 2549 
1258 628 2564 2568 
1259 629 2288 3004 
1260 629 2049 2560 
1261 630 2187 2659 
1262 630 2469 2888 
1263 631 2272 2936 
1264 631 2495 2768 
1265 632 2483 2672 
1266 632 2214 3031 
1267 633 2677 2789 
1268 633 2134 2240 
1269 634 2385 2600 
1270 634 2062 2273 
1271 635 2558 2791 
1272 635 2559 2906 
1273 636 2352 2834 
1274 636 2542 2822 
1275 637 2537 2620 
1276 637 2846 2898 
1277 638 2706 2916 
1278 638 2450 2885 
1279 639 2508 2859 
1280 639 2519 2623 
1281 640 2120 2258 
1282 640 2372 2606 
1283 641 2268 2350 
1284 641 2652 3022 
1285 642 2189 2946 
1286 642 2095 2623 
1287 643 2390 2802 
1288 643 2432 2949 
1289 644 2507 2723 
1290 644 2554 2924 
1291 645 2376 2407 
1292 645 2284 2959 
1293 646 2387 2951 
1294 646 2117 2241 
1295 647 2612 2622 
1296 647 2135 2358 
1297 648 2295 2674 
1298 648 2180 2879 
1299 649 2101 2397 
1300 649 2105 2533 
1301 650 2506 2876 
1302 650 2209 2817 
1303 651 2195 3038 
1304 651 2682 2841 
1305 652 2388 2786 
1306 652 2349 2921 
1307 653 2506 2782 
1308 653 2354 2821 
1309 654 2375 2929 
1310 654 2310 2978 
1311 655 2742 3070 
1312 655 2272 2938 
1313 656 2803 2810 
1314 656 2305 3008 
1315 657 2123 2865 
1316 657 2787 2910 
1317 658 2347 2528 
1318 658 2133 2382 
1319 659 2222 3008 
1320 659 2208 2866 
1321 660 2231 2777 
1322 660 2049 2451 
1323 661 2337 3000 
1324 661 2047 2442 
1325 662 2503 2523 
1326 662 2309 2337 
1327 663 2778 2783 
1328 663 2167 2543 
1329 664 2518 2849 
1330 664 2467 2814 
1331 665 2370 2707 
1332 665 2378 2487 
1333 666 2178 2824 
1334 666 2094 2592 
1335 667 2487 2981 
1336 667 2186 2947 
1337 668 2530 2815 
1338 668 2383 2616 
1339 669 2342 2686 
1340 669 2545 3009 
1341 670 2943 2951 
1342 670 2699 3005 
1343 671 2081 2588 
1344 671 2064 2682 
1345 672 2534 3045 
1346 672 2384 2872 
1347 673 2438 2693 
1348 673 2592 2775 
1349 674 2269 2747 
1350 674 2832 3048 
1351 675 2857 2887 
1352 675 2586 2911 
1353 676 2320 2604 
1354 676 2457 2741 
1355 677 2172 2605 
1356 677 2180 2340 
1357 678 2158 2913 
1358 678 2808 3047 
1359 679 2323 2764 
1360 679 3057 3059 
1361 680 2283 2771 
1362 680 2488 2860 
1363 681 2239 2317 
1364 681 2117 2655 
1365 682 2092 2110 
1366 682 2338 2582 
1367 683 2315 3015 
1368 683 2739 2757 
1369 684 2304 2743 
1370 684 2239 2862 
1371 685 2413 3018 
1372 685 2240 2625 
1373 686 2395 2705 
1374 686 2171 2429 
1375 687 2581 3006 
1376 687 2081 2142 
1377 688 2194 2524 
1378 688 2238 2790 
1379 689 2207 2986 
1380 689 2826 2890 
1381 690 2736 2917 
1382 690 2979 3042 
1383 691 2091 3047 
1384 691 2579 3062 
1385 692 2159 2642 
1386 692 2301 2807 
1387 693 2617 2740 
1388 693 2132 2996 
1389 694 2233 2455 
1390 694 2287 2296 
1391 695 2453 2953 
1392 695 2737 2816 
1393 696 2553 2789 
1394 696 2078 2219 
1395 697 2823 2914 
1396 697 2795 3070 
1397 698 2339 2970 
1398 698 2408 2860 
1399 699 2360 2368 
1400 699 2263 2719 
1401 700 2687 2752 
1402 700 2349 2639 
1403 701 2443 2547 
1404 701 2168 2226 
1405 702 2259 2981 
1406 702 2277 2290 
1407 703 2192 2985 
1408 703 2711 2893 
1409 704 2068 2280 
1410 704 2579 2796 
1411 705 2296 2418 
1412 705 2364 2842 
1413 706 2067 2175 
1414 706 2653 2988 
1415 707 2507 2930 
1416 707 2062 2522 
1417 708 2361 3029 
1418 708 2735 2925 
1419 709 2220 2974 
1420 709 2098 2868 
1421 710 3056 3066 
1422 710 2148 2631 
1423 711 2629 3022 
1424 711 2161 2203 
1425 712 2646 2852 
1426 712 2056 2854 
1427 713 2683 2875 
1428 713 2721 2891 
1429 714 2639 2730 
1430 714 2322 2324 
1431 715 2357 2898 
1432 715 2147 3068 
1433 716 2195 2495 
1434 716 2137 2668 
1435 717 2216 2703 
1436 717 2755 2956 
1437 718 2535 2732 
1438 718 2059 2702 
1439 719 2580 2885 
1440 719 2213 2880 
1441 720 2318 2417 
1442 720 2224 2807 
1443 721 2471 2790 
1444 721 2295 2555 
1445 722 2763 2834 
1446 722 2624 2690 
1447 723 2441 3023 
1448 723 2379 2481 
1449 724 2838 3021 
1450 724 2151 2661 
1451 725 2723 2881 
1452 725 2647 2883 
1453 726 2713 2947 
1454 726 2106 2248 
1455 727 2201 2237 
1456 727 2599 2917 
1457 728 2544 2896 
1458 728 2837 3027 
1459 729 2788 3065 
1460 729 2613 2670 
1461 730 2700 2720 
1462 730 2390 2550 
1463 731 2486 2771 
1464 731 2750 3024 
1465 732 2139 2687 
1466 732 2410 2647 
1467 733 2323 2952 
1468 733 2198 2214 
1469 734 2457 2918 
1470 734 2189 2937 
1471 735 2248 2678 
1472 735 2256 2527 
1473 736 2654 2899 
1474 736 2096 2594 
1475 737 2286 2844 
1476 737 2260 2538 
1477 738 2619 2883 
1478 738 2559 2902 
1479 739 2107 2739 
1480 739 2516 2566 
1481 740 2175 2361 
1482 740 2115 2160 
1483 741 2640 2769 
1484 741 2324 2585 
1485 742 2251 2950 
1486 742 2602 2928 
1487 743 2631 2785 
1488 743 2334 2663 
1489 744 2210 2908 
1490 744 2244 2251 
1491 745 2629 2940 
1492 745 2254 2352 
1493 746 2759 2805 
1494 746 2525 2847 
1495 747 2075 2969 
1496 747 2409 2505 
1497 748 2404 2602 
1498 748 2427 2680 
1499 749 2328 2698 
1500 749 2615 2918 
1501 750 2610 2752 
1502 750 2335 2627 
1503 751 2405 2962 
1504 751 2102 2700 
1505 752 2261 2312 
1506 752 2232 2376 
1507 753 2740 3050 
1508 753 2154 2334 
1509 754 2102 2626 
1510 754 2681 2851 
1511 755 2444 2746 
1512 755 2716 3045 
1513 756 2490 2977 
1514 756 2474 2524 
1515 757 2269 2772 
1516 757 2091 2450 
1517 758 2144 3041 
1518 758 2774 2927 
1519 759 2276 2829 
1520 759 2412 2913 
1521 760 2425 2684 
1522 760 2600 2753 
1523 761 2090 2292 
1524 761 2287 2520 
1525 762 2201 2960 
1526 762 2088 2340 
1527 763 2289 2953 
1528 763 2529 2614 
1529 764 2382 3037 
1530 764 2123 2466 
1531 765 2066 2788 
1532 765 2236 2505 
1533 766 2170 2749 
1534 766 2294 2964 
1535 767 2136 2824 
1536 767 2128 2975 
1537 768 2096 2833 
1538 768 2367 2427 
1539 769 2262 2633 
1540 769 2118 2787 
1541 770 2774 2960 
1542 770 2650 2935 
1543 771 2480 2762 
1544 771 2264 2388 
1545 772 2082 2886 
1546 772 2174 3025 
1547 773 2227 2841 
1548 773 2989 3007 
1549 774 2526 2987 
1550 774 2448 2669 
1551 775 2135 2809 
1552 775 2589 2937 
1553 776 2803 3028 
1554 776 2451 2484 
1555 777 2669 2799 
1556 777 2087 2454 
1557 778 2283 2416 
1558 778 2297 2575 
1559 779 2053 2526 
1560 779 2655 2756 
1561 780 2556 2729 
1562 780 2156 2977 
1563 781 2165 2718 
1564 781 2288 2310 
1565 782 2955 3011 
1566 782 2226 3016 
1567 783 2387 2641 
1568 783 2186 2568 
1569 784 2410 2742 
1570 784 2268 2664 
1571 785 2618 2873 
1572 785 2547 2866 
1573 786 2512 3003 
1574 786 2436 2582 
1575 787 2586 2921 
1576 787 2064 2766 
1577 788 2670 2904 
1578 788 2603 3061 
1579 789 2580 2800 
1580 789 2653 3064 
1581 790 2113 2353 
1582 790 2159 2499 
1583 791 2111 2589 
1584 791 2179 2185 
1585 792 2649 2722 
1586 792 2150 2829 
1587 793 2675 2775 
1588 793 2641 2699 
1589 794 2199 2392 
1590 794 2274 3005 
1591 795 2344 2660 
1592 795 2282 2688 
1593 796 2854 2869 
1594 796 2535 2720 
1595 797 2113 2399 
1596 797 2055 2449 
1597 798 2552 3007 
1598 798 2213 2511 
1599 799 2317 2675 
1600 799 2359 3060 
1601 800 2172 2963 
1602 800 2470 2905 
1603 801 2155 2174 
1604 801 2090 2637 
1605 802 2149 2967 
1606 802 2899 3052 
1607 803 2482 2897 
1608 803 2131 2880 
1609 804 3001 3006 
1610 804 2237 2571 
1611 805 2206 2494 
1612 805 2089 2965 
1613 806 2630 2935 
1614 806 2684 2871 
1615 807 2132 2158 
1616 807 2114 2137 
1617 808 2109 2850 
1618 808 2247 2980 
1619 809 2863 2889 
1620 809 2282 2522 
1621 810 2406 2472 
1622 810 2217 2851 
1623 811 2327 2987 
1624 811 2345 2657 
1625 812 2356 2832 
1626 812 2354 2539 
1627 813 2199 2715 
1628 813 2569 2865 
1629 814 2314 2992 
1630 814 2055 2106 
1631 815 2664 2909 
1632 815 2144 2389 
1633 816 2731 2983 
1634 816 2130 2813 
1635 817 2560 2666 
1636 817 2615 2992 
1637 818 2211 2221 
1638 818 2964 2993 
1639 819 2848 2876 
1640 819 2200 2414 
1641 820 2256 2576 
1642 820 2242 2484 
1643 821 2765 3013 
1644 821 2112 2504 
1645 822 2321 2810 
1646 822 2232 2396 
1647 823 2714 2991 
1648 823 2262 2591 
1649 824 2380 3031 
1650 824 2680 2709 
1651 825 2492 2792 
1652 825 2634 2651 
1653 826 2270 2567 
1654 826 2610 2892 
1655 827 2190 2780 
1656 827 2279 2371 
1657 828 2329 2480 
1658 828 2196 2907 
1659 829 2058 2216 
1660 829 2447 2562 
1661 830 2500 2957 
1662 830 2185 2430 
1663 831 2070 2176 
1664 831 2383 2594 
1665 832 2460 2550 
1666 832 2125 2726 
1667 833 2976 3036 
1668 833 2182 2769 
1669 834 2162 2685 
1670 834 2754 3034 
1671 835 2689 2886 
1672 835 2496 3049 
1673 836 2052 2820 
1674 836 2157 2402 
1675 837 2393 2753 
1676 837 2518 2521 
1677 838 2408 2930 
1678 838 2111 2601 
1679 839 2446 2660 
1680 839 2260 2367 
1681 840 2421 2915 
1682 840 2428 2727 
1683 841 2398 2954 
1684 841 2798 2962 
1685 842 2719 2995 
1686 842 2366 2618 
1687 843 2165 3035 
1688 843 2127 2598 
1689 844 2471 2628 
1690 844 2479 2828 
1691 845 2934 3058 
1692 845 2309 2884 
1693 846 2378 2481 
1694 846 2285 2862 
1695 847 2874 3012 
1696 847 2104 2208 
1697 848 2770 2926 
1698 848 2252 2415 
1699 849 2433 2646 
1700 849 2734 2780 
1701 850 2271 2291 
1702 850 2574 2948 
1703 851 2691 3030 
1704 851 2250 2476 
1705 852 2424 2642 
1706 852 2738 2894 
1707 853 2415 3001 
1708 853 2759 2982 
1709 854 2265 2465 
1710 854 2166 2595 
1711 855 2325 3046 
1712 855 2936 3015 
1713 856 2391 2538 
1714 856 2358 2449 
1715 857 2452 2779 
1716 857 2278 2818 
1717 858 2425 2566 
1718 858 2319 2888 
1719 859 2712 2932 
1720 859 2532 2585 
1721 860 2333 2437 
1722 860 2346 2757 
1723 861 2587 2737 
1724 861 2166 2815 
1725 862 2052 2285 
1726 862 2281 2475 
1727 863 2540 3032 
1728 863 2100 2794 
1729 864 2153 2406 
1730 864 2911 2999 
1731 865 2229 3021 
1732 865 2573 2727 
1733 866 2057 3058 
1734 866 2075 2145 
1735 867 2243 2706 
1736 867 2445 2677 
1737 868 2599 2904 
1738 868 2078 2267 
1739 869 2458 3065 
1740 869 2698 2908 
1741 870 2689 2942 
1742 870 2303 2379 
1743 871 2061 2482 
1744 871 2327 3043 
1745 872 2171 2945 
1746 872 2493 2874 
1747 873 2169 2644 
1748 873 2073 2152 
1749 874 2147 3030 
1750 874 2490 2734 
1751 875 2146 3044 
1752 875 2840 2984 
1753 876 2294 2394 
1754 876 2624 2716 
1755 877 2665 2724 
1756 877 2121 2386 
1757 878 2509 2959 
1758 878 2411 2909 
1759 879 2397 2476 
1760 879 2726 2746 
1761 880 2063 2163 
1762 880 2212 2489 
1763 881 2731 2982 
1764 881 2220 2503 
1765 882 2092 2806 
1766 882 2141 2546 
1767 883 2411 3051 
1768 883 2279 2611 
1769 884 2839 3023 
1770 884 2095 2944 
1771 885 2057 2968 
1772 885 2222 2912 
1773 886 2060 2869 
1774 886 2584 2683 
1775 887 2325 2577 
1776 887 2570 3002 
1777 888 2435 2663 
1778 888 2364 2477 
1779 889 2551 2681 
1780 889 2072 2447 
1781 890 2428 2849 
1782 890 2215 2492 
1783 891 2190 2784 
1784 891 2483 2760 
1785 892 2051 2744 
1786 892 2242 2922 
1787 893 2271 3067 
1788 893 2253 2347 
1789 894 2148 2831 
1790 894 2350 2501 
1791 895 2887 2907 
1792 895 2133 2978 
1793 896 2307 2954 
1794 896 2489 2710 
1795 897 2173 2570 
1796 897 2845 2879 
1797 898 2071 2997 
1798 898 2882 3060 
1799 899 2221 2308 
1800 899 2119 2129 
1801 900 2107 2945 
1802 900 2128 2839 
1803 901 2070 2170 
1804 901 2263 2280 
1805 902 2142 2453 
1806 902 2539 2891 
1807 903 2124 2892 
1808 903 2077 2112 
1809 904 2209 2497 
1810 904 2446 2877 
1811 905 2401 2916 
1812 905 2385 2980 
1813 906 2374 2897 
1814 906 2374 2402 
1815 907 2389 2797 
1816 907 2431 3069 
1817 908 2440 2949 
1818 908 2678 2895 
1819 909 2468 3039 
1820 909 2705 2762 
1821 910 2261 2658 
1822 910 2850 2997 
1823 911 2405 2581 
1824 911 2126 2692 
1825 912 2983 3053 
1826 912 2478 3041 
1827 913 2177 3061 
1828 913 2235 2400 
1829 914 2219 2276 
1830 914 2125 2275 
1831 915 2513 2645 
1832 915 2200 2574 
1833 916 2656 2796 
1834 916 2369 2478 
1835 917 2060 2662 
1836 917 2448 3010 
1837 918 2606 2651 
1838 918 2694 2859 
1839 919 2076 2932 
1840 919 2773 2896 
1841 920 2061 2329 
1842 920 2510 3039 
1843 921 2750 3014 
1844 921 2058 2838 
1845 922 2696 2755 
1846 922 2299 2973 
1847 923 2072 2204 
1848 923 2126 2250 
1849 924 2393 2575 
1850 924 2122 2308 
1851 925 2644 2657 
1852 925 2241 2331 
1853 926 2634 3049 
1854 926 2127 2372 
1855 927 2438 2863 
1856 927 2576 2733 
1857 928 2423 2688 
1858 928 2805 2871 
1859 929 2266 2728 
1860 929 2122 2138 
1861 930 2306 2873 
1862 930 2515 2536 
1863 931 2243 2931 
1864 931 2459 2625 
1865 932 2527 2748 
1866 932 2338 2532 
1867 933 2063 2707 
1868 933 2741 2830 
1869 934 2084 3050 
1870 934 2761 3009 
1871 935 2419 3067 
1872 935 2259 2373 
1873 936 3013 3044 
1874 936 2134 2778 
1875 937 2844 3064 
1876 937 2635 3019 
1877 938 2270 2826 
1878 938 2254 2363 
1879 939 2404 3020 
1880 939 2097 2343 
1881 940 2082 2316 
1882 940 2952 3055 
1883 941 2184 2328 
1884 941 2745 2946 
1885 942 2068 3024 
1886 942 2416 2423 
1887 943 2553 2996 
1888 943 2179 2403 
1889 944 2950 3020 
1890 944 2211 2970 
1891 945 2089 2558 
1892 945 2074 2608 
1893 946 2359 3055 
1894 946 2100 2521 
1895 947 2150 2652 
1896 947 2590 2915 
1897 948 2377 2760 
1898 948 2225 2384 
1899 949 2099 2971 
1900 949 2424 2609 
1901 950 2462 2858 
1902 950 2212 2801 
1903 951 2513 2798 
1904 951 2348 2711 
1905 952 2080 2695 
1906 952 2336 3032 
1907 953 2636 2920 
1908 953 2143 2369 
1909 954 2351 2905 
1910 954 3019 3063 
1911 955 2307 2605 
1912 955 2083 2531 
1913 956 2497 2811 
1914 956 2234 2901 
1915 957 2305 2861 
1916 957 2567 2814 
1917 958 2320 2417 
1918 958 2193 2266 
1919 959 2116 2516 
1920 959 2426 2808 
1921 960 2275 2588 
1922 960 2224 2794 
1923 961 2412 2976 
1924 961 2291 2563 
1925 962 2108 2827 
1926 962 2335 2691 
1927 963 2073 2613 
1928 963 2362 2695 
1929 964 2053 2452 
1930 964 2173 2923 
1931 965 2116 2355 
1932 965 2069 2455 
1933 966 2181 2502 
1934 966 2617 2818 
1935 967 2650 2961 
1936 967 2164 2628 
1937 968 2488 3025 
1938 968 2467 2659 
1939 969 2502 2942 
1940 969 2048 2198 
1941 970 2395 2751 
1942 970 2345 2643 
1943 971 2442 2713 
1944 971 2065 2472 
1945 972 2304 2313 
1946 972 2067 2649 
1947 973 2614 2809 
1948 973 2758 2781 
1949 974 2637 2722 
1950 974 2351 2667 
1951 975 2223 2267 
1952 975 2290 2933 
1953 976 2414 2972 
1954 976 2608 2708 
1955 977 2154 2509 
1956 977 2770 2994 
1957 978 2434 2461 
1958 978 2225 2974 
1959 979 2460 2621 
1960 979 2176 2312 
1961 980 2400 2812 
1962 980 2764 2963 
1963 981 2459 2761 
1964 981 2591 2900 
1965 982 2187 2473 
1966 982 2218 3063 
1967 983 2143 2712 
1968 983 2572 2718 
1969 984 2386 2596 
1970 984 2398 2583 
1971 985 2302 3036 
1972 985 2520 2940 
1973 986 2804 2847 
1974 986 2463 2569 
1975 987 2491 2536 
1976 987 2485 2715 
1977 988 2399 2620 
1978 988 2795 2958 
1979 989 2098 2779 
1980 989 2957 2990 
1981 990 2456 2622 
1982 990 2464 3068 
1983 991 2223 2249 
1984 991 2542 2919 
1985 992 2054 2598 
1986 992 2322 2355 
1987 993 2903 3038 
1988 993 2146 2500 
1989 994 2645 2848 
1990 994 2431 2668 
1991 995 2797 3054 
1992 995 2086 2188 
1993 996 2597 2831 
1994 996 2336 2445 
1995 997 2169 2710 
1996 997 2701 2889 
1997 998 2077 2870 
1998 998 2432 3027 
1999 999 2157 2339 
2000 999 2673 2793 
2001 1000 2138 3014 
2002 1000 2105 2799 
2003 1001 2192 2943 
2004 1001 2475 2800 
2005 1002 2842 2958 
2006 1002 2048 2756 
2007 1003 2332 2939 
2008 1003 2104 2118 
2009 1004 2194 2662 
2010 1004 2316 2856 
2011 1005 2274 2676 
2012 1005 2811 3034 
2013 1006 2079 2927 
2014 1006 2273 2346 
2015 1007 2230 2565 
2016 1007 2151 2638 
2017 1008 2206 2577 
2018 1008 2101 2293 
2019 1009 2228 2884 
2020 1009 2277 2856 
2021 1010 2751 2988 
2022 1010 2153 2498 
2023 1011 2191 2548 
2024 1011 2167 2278 
2025 1012 2247 2511 
2026 1012 2233 3028 
2027 1013 2515 3062 
2028 1013 2281 2601 
2029 1014 2572 2836 
2030 1014 2238 2330 
2031 1015 2828 3046 
2032 1015 2732 2840 
2033 1016 2496 2556 
2034 1016 2084 2643 
2035 1017 2161 2464 
2036 1017 2284 2300 
2037 1018 2088 2676 
2038 1018 2835 2912 
2039 1019 2257 2724 
2040 1019 2051 3048 
2041 1020 2443 2837 
2042 1020 2725 2776 
2043 1021 2160 2249 
2044 1021 2621 2928 
2045 1022 2178 2853 
2046 1022 2735 2748 
2047 1204 1324 3071 
2048 1940 2006 3071 
2049 1260 1322 3072 
2050 1025 1163 3072 
2051 1785 2040 3073 
2052 1673 1725 3073 
2053 1559 1929 3074 
2054 1209 1985 3074 
2055 1596 1630 3075 
2056 1057 1426 3075 
2057 1733 1771 3076 
2058 1659 1844 3076 
2059 1033 1438 3077 
2060 1773 1835 3077 
2061 1743 1841 3078 
2062 1270 1416 3078 
2063 1761 1867 3079 
2064 1344 1576 3079 
2065 1257 1944 3080 
2066 1204 1531 3080 
2067 1413 1946 3081 
2068 1409 1885 3081 
2069 1080 1932 3082 
2070 1663 1803 3082 
2071 1106 1797 3083 
2072 1780 1847 3083 
2073 1748 1927 3084 
2074 1116 1892 3084 
2075 1495 1734 3085 
2076 1083 1839 3085 
2077 1808 1997 3086 
2078 1394 1738 3086 
2079 1252 2013 3087 
2080 1161 1905 3087 
2081 1343 1376 3088 
2082 1545 1881 3088 
2083 1185 1912 3089 
2084 1869 2034 3089 
2085 1087 1213 3090 
2086 1244 1992 3090 
2087 1036 1556 3091 
2088 1526 2037 3091 
2089 1612 1891 3092 
2090 1523 1604 3092 
2091 1383 1516 3093 
2092 1365 1765 3093 
2093 1167 1187 3094 
2094 1125 1334 3094 
2095 1286 1770 3095 
2096 1474 1537 3095 
2097 1036 1880 3096 
2098 1420 1979 3096 
2099 1133 1899 3097 
2100 1728 1894 3097 
2101 1299 2018 3098 
2102 1504 1509 3098 
2103 1103 1229 3099 
2104 1696 2008 3099 
2105 1300 2002 3100 
2106 1454 1630 3100 
2107 1479 1801 3101 
2108 1078 1925 3101 
2109 1241 1617 3102 
2110 1146 1365 3102 
2111 1583 1678 3103 
2112 1644 1808 3103 
2113 1581 1595 3104 
2114 1238 1616 3104 
2115 1212 1482 3105 
2116 1919 1931 3105 
2117 1294 1364 3106 
2118 1540 2008 3106 
2119 1180 1800 3107 
2120 1049 1281 3107 
2121 1149 1756 3108 
2122 1850 1860 3108 
2123 1315 1530 3109 
2124 1218 1807 3109 
2125 1666 1830 3110 
2126 1824 1848 3110 
2127 1688 1854 3111 
2128 1536 1802 3111 
2129 1062 1800 3112 
2130 1238 1634 3112 
2131 1212 1608 3113 
2132 1388 1615 3113 
2133 1318 1792 3114 
2134 1268 1874 3114 
2135 1296 1551 3115 
2136 1148 1535 3115 
2137 1434 1616 3116 
2138 1860 2001 3116 
2139 1051 1465 3117 
2140 1026 1139 3117 
2141 1132 1766 3118 
2142 1376 1805 3118 
2143 1908 1967 3119 
2144 1517 1632 3119 
2145 1083 1734 3120 
2146 1751 1988 3120 
2147 1432 1749 3121 
2148 1422 1789 3121 
2149 1180 1605 3122 
2150 1586 1895 3122 
2151 1450 2016 3123 
2152 1256 1748 3123 
2153 1729 2022 3124 
2154 1508 1955 3124 
2155 1135 1603 3125 
2156 1126 1562 3125 
2157 1674 1999 3126 
2158 1357 1615 3126 
2159 1385 1582 3127 
2160 1482 2043 3127 
2161 1424 2035 3128 
2162 1118 1669 3128 
2163 1224 1761 3129 
2164 1221 1936 3129 
2165 1563 1687 3130 
2166 1710 1724 3130 
2167 1328 2024 3131 
2168 1046 1404 3131 
2169 1747 1995 3132 
2170 1533 1803 3132 
2171 1374 1745 3133 
2172 1355 1601 3133 
2173 1795 1930 3134 
2174 1546 1603 3134 
2175 1413 1481 3135 
2176 1663 1960 3135 
2177 1082 1827 3136 
2178 1333 2045 3136 
2179 1584 1888 3137 
2180 1298 1356 3137 
2181 1077 1933 3138 
2182 1147 1668 3138 
2183 1190 1193 3139 
2184 1057 1883 3139 
2185 1584 1662 3140 
2186 1336 1568 3140 
2187 1261 1965 3141 
2188 1123 1992 3141 
2189 1285 1470 3142 
2190 1655 1783 3142 
2191 1066 2023 3143 
2192 1407 2003 3143 
2193 1178 1918 3144 
2194 1377 2009 3144 
2195 1303 1433 3145 
2196 1138 1658 3145 
2197 1093 1119 3146 
2198 1468 1940 3146 
2199 1589 1627 3147 
2200 1640 1832 3147 
2201 1455 1525 3148 
2202 1137 1196 3148 
2203 1242 1424 3149 
2204 1035 1847 3149 
2205 1030 1037 3150 
2206 1611 2017 3150 
2207 1219 1379 3151 
2208 1320 1696 3151 
2209 1302 1809 3152 
2210 1247 1489 3152 
2211 1637 1890 3153 
2212 1762 1902 3153 
2213 1440 1598 3154 
2214 1266 1468 3154 
2215 1148 1782 3155 
2216 1435 1659 3155 
2217 1145 1622 3156 
2218 1193 1966 3156 
2219 1394 1829 3157 
2220 1419 1764 3157 
2221 1637 1799 3158 
2222 1319 1772 3158 
2223 1951 1983 3159 
2224 1442 1922 3159 
2225 1898 1958 3160 
2226 1404 1566 3160 
2227 1127 1547 3161 
2228 1214 2019 3161 
2229 1137 1731 3162 
2230 1107 2015 3162 
2231 1115 1321 3163 
2232 1506 1646 3163 
2233 1389 2026 3164 
2234 1197 1914 3164 
2235 1134 1828 3165 
2236 1114 1532 3165 
2237 1455 1610 3166 
2238 1378 2030 3166 
2239 1363 1370 3167 
2240 1268 1372 3167 
2241 1294 1852 3168 
2242 1642 1786 3168 
2243 1735 1863 3169 
2244 1054 1490 3169 
2245 1055 1150 3170 
2246 1164 1235 3170 
2247 1618 2025 3171 
2248 1454 1471 3171 
2249 1983 2043 3172 
2250 1704 1848 3172 
2251 1485 1490 3173 
2252 1159 1698 3173 
2253 1053 1788 3174 
2254 1492 1878 3174 
2255 1058 1200 3175 
2256 1472 1641 3175 
2257 1215 2039 3176 
2258 1059 1281 3176 
2259 1405 1872 3177 
2260 1476 1680 3177 
2261 1505 1821 3178 
2262 1539 1648 3178 
2263 1400 1804 3179 
2264 1031 1544 3179 
2265 1121 1709 3180 
2266 1859 1918 3180 
2267 1738 1951 3181 
2268 1283 1570 3181 
2269 1349 1515 3182 
2270 1653 1877 3182 
2271 1701 1787 3183 
2272 1263 1312 3183 
2273 1270 2014 3184 
2274 1590 2011 3184 
2275 1830 1921 3185 
2276 1519 1829 3185 
2277 1406 2020 3186 
2278 1716 2024 3186 
2279 1656 1768 3187 
2280 1409 1804 3187 
2281 1726 2028 3188 
2282 1592 1620 3188 
2283 1361 1557 3189 
2284 1292 2036 3189 
2285 1694 1725 3190 
2286 1066 1475 3190 
2287 1390 1524 3191 
2288 1259 1564 3191 
2289 1110 1527 3192 
2290 1406 1952 3192 
2291 1701 1924 3193 
2292 1153 1523 3193 
2293 1034 2018 3194 
2294 1534 1753 3194 
2295 1297 1444 3195 
2296 1390 1411 3195 
2297 1222 1558 3196 
2298 1186 1194 3196 
2299 1076 1846 3197 
2300 1028 2036 3197 
2301 1071 1386 3198 
2302 1157 1971 3198 
2303 1149 1742 3199 
2304 1369 1945 3199 
2305 1314 1915 3200 
2306 1085 1861 3200 
2307 1793 1911 3201 
2308 1799 1850 3201 
2309 1326 1692 3202 
2310 1310 1564 3202 
2311 1127 1234 3203 
2312 1505 1960 3203 
2313 1081 1945 3204 
2314 1255 1629 3204 
2315 1161 1367 3205 
2316 1881 2010 3205 
2317 1363 1599 3206 
2318 1143 1441 3206 
2319 1091 1718 3207 
2320 1353 1917 3207 
2321 1031 1645 3208 
2322 1430 1986 3208 
2323 1359 1467 3209 
2324 1430 1484 3209 
2325 1711 1775 3210 
2326 1151 1197 3210 
2327 1623 1744 3211 
2328 1499 1883 3211 
2329 1657 1841 3212 
2330 1032 2030 3212 
2331 1038 1852 3213 
2332 1198 2007 3213 
2333 1108 1721 3214 
2334 1488 1508 3214 
2335 1502 1926 3215 
2336 1906 1994 3215 
2337 1323 1326 3216 
2338 1366 1866 3216 
2339 1397 1999 3217 
2340 1356 1526 3217 
2341 1174 1177 3218 
2342 1090 1339 3218 
2343 1225 1880 3219 
2344 1040 1591 3219 
2345 1624 1942 3220 
2346 1722 2014 3220 
2347 1317 1788 3221 
2348 1055 1904 3221 
2349 1306 1402 3222 
2350 1283 1790 3222 
2351 1909 1950 3223 
2352 1273 1492 3223 
2353 1249 1581 3224 
2354 1308 1626 3224 
2355 1931 1986 3225 
2356 1121 1625 3225 
2357 1067 1431 3226 
2358 1296 1714 3226 
2359 1600 1893 3227 
2360 1030 1399 3227 
2361 1417 1481 3228 
2362 1023 1928 3228 
2363 1236 1878 3229 
2364 1412 1778 3229 
2365 1217 1220 3230 
2366 1112 1686 3230 
2367 1538 1680 3231 
2368 1207 1399 3231 
2369 1834 1908 3232 
2370 1070 1331 3232 
2371 1053 1656 3233 
2372 1282 1854 3233 
2373 1144 1872 3234 
2374 1813 1814 3234 
2375 1092 1309 3235 
2376 1291 1506 3235 
2377 1233 1897 3236 
2378 1332 1693 3236 
2379 1448 1742 3237 
2380 1243 1649 3237 
2381 1132 1191 3238 
2382 1318 1529 3238 
2383 1338 1664 3239 
2384 1346 1898 3239 
2385 1269 1812 3240 
2386 1756 1969 3240 
2387 1293 1567 3241 
2388 1305 1544 3241 
2389 1632 1815 3242 
2390 1287 1462 3242 
2391 1086 1713 3243 
2392 1096 1589 3243 
2393 1675 1849 3244 
2394 1101 1753 3244 
2395 1373 1941 3245 
2396 1046 1646 3245 
2397 1299 1759 3246 
2398 1683 1970 3246 
2399 1595 1977 3247 
2400 1828 1961 3247 
2401 1242 1811 3248 
2402 1674 1814 3248 
2403 1152 1888 3249 
2404 1497 1879 3249 
2405 1503 1823 3250 
2406 1621 1729 3250 
2407 1075 1291 3251 
2408 1398 1677 3251 
2409 1110 1496 3252 
2410 1466 1569 3252 
2411 1758 1767 3253 
2412 1520 1923 3253 
2413 1248 1371 3254 
2414 1640 1953 3254 
2415 1698 1707 3255 
2416 1557 1886 3255 
2417 1441 1917 3256 
2418 1207 1411 3256 
2419 1112 1871 3257 
2420 1061 1085 3257 
2421 1098 1681 3258 
2422 1113 1222 3258 
2423 1857 1886 3259 
2424 1705 1900 3259 
2425 1521 1717 3260 
2426 1185 1920 3260 
2427 1498 1538 3261 
2428 1682 1781 3261 
2429 1130 1374 3262 
2430 1093 1662 3262 
2431 1816 1990 3263 
2432 1288 1998 3263 
2433 1227 1699 3264 
2434 1094 1957 3264 
2435 1096 1777 3265 
2436 1033 1574 3265 
2437 1211 1721 3266 
2438 1347 1855 3266 
2439 1138 1142 3267 
2440 1235 1817 3267 
2441 1157 1447 3268 
2442 1324 1943 3268 
2443 1403 2041 3269 
2444 1227 1511 3269 
2445 1736 1994 3270 
2446 1679 1810 3270 
2447 1660 1780 3271 
2448 1550 1836 3271 
2449 1596 1714 3272 
2450 1278 1516 3272 
2451 1322 1554 3273 
2452 1715 1929 3273 
2453 1391 1805 3274 
2454 1200 1556 3274 
2455 1389 1932 3275 
2456 1107 1981 3275 
2457 1354 1469 3276 
2458 1154 1739 3276 
2459 1864 1963 3277 
2460 1665 1959 3277 
2461 1188 1957 3278 
2462 1078 1901 3278 
2463 1168 1974 3279 
2464 1982 2035 3279 
2465 1239 1709 3280 
2466 1041 1530 3280 
2467 1330 1938 3281 
2468 1051 1819 3281 
2469 1182 1262 3282 
2470 1151 1602 3282 
2471 1443 1689 3283 
2472 1621 1944 3283 
2473 1042 1965 3284 
2474 1052 1514 3284 
2475 1726 2004 3285 
2476 1704 1759 3285 
2477 1177 1778 3286 
2478 1826 1834 3286 
2479 1074 1690 3287 
2480 1543 1657 3287 
2481 1448 1693 3288 
2482 1607 1743 3288 
2483 1265 1784 3289 
2484 1554 1642 3289 
2485 1240 1976 3290 
2486 1169 1463 3290 
2487 1332 1335 3291 
2488 1362 1937 3291 
2489 1762 1794 3292 
2490 1513 1750 3292 
2491 1184 1975 3293 
2492 1651 1782 3293 
2493 1048 1746 3294 
2494 1216 1611 3294 
2495 1264 1433 3295 
2496 1672 2033 3295 
2497 1809 1913 3296 
2498 1172 2022 3296 
2499 1100 1582 3297 
2500 1661 1988 3297 
2501 1081 1790 3298 
2502 1933 1939 3298 
2503 1325 1764 3299 
2504 1045 1644 3299 
2505 1496 1532 3300 
2506 1301 1307 3300 
2507 1289 1415 3301 
2508 1125 1279 3301 
2509 1757 1955 3302 
2510 1109 1842 3302 
2511 1598 2025 3303 
2512 1162 1573 3303 
2513 1831 1903 3304 
2514 1062 1088 3304 
2515 1862 2027 3305 
2516 1480 1919 3305 
2517 1139 1247 3306 
2518 1329 1676 3306 
2519 1042 1280 3307 
2520 1524 1972 3307 
2521 1676 1894 3308 
2522 1416 1620 3308 
2523 1206 1325 3309 
2524 1377 1514 3309 
2525 1173 1494 3310 
2526 1549 1559 3310 
2527 1472 1865 3311 
2528 1025 1317 3311 
2529 1199 1528 3312 
2530 1250 1337 3312 
2531 1060 1912 3313 
2532 1720 1866 3313 
2533 1087 1300 3314 
2534 1084 1345 3314 
2535 1437 1594 3315 
2536 1862 1975 3315 
2537 1068 1275 3316 
2538 1476 1713 3316 
2539 1626 1806 3317 
2540 1056 1727 3317 
2541 1141 1167 3318 
2542 1274 1984 3318 
2543 1075 1328 3319 
2544 1146 1457 3319 
2545 1101 1340 3320 
2546 1050 1766 3320 
2547 1403 1572 3321 
2548 1245 2023 3321 
2549 1128 1257 3322 
2550 1462 1665 3322 
2551 1072 1779 3323 
2552 1233 1597 3323 
2553 1393 1887 3324 
2554 1181 1290 3324 
2555 1122 1444 3325 
2556 1561 2033 3325 
2557 1123 1140 3326 
2558 1271 1891 3326 
2559 1272 1478 3327 
2560 1260 1635 3327 
2561 1131 1232 3328 
2562 1171 1660 3328 
2563 1116 1924 3329 
2564 1183 1258 3329 
2565 1113 2015 3330 
2566 1480 1717 3330 
2567 1653 1916 3331 
2568 1258 1568 3331 
2569 1628 1974 3332 
2570 1776 1795 3332 
2571 1156 1610 3333 
2572 1968 2029 3333 
2573 1105 1732 3334 
2574 1702 1832 3334 
2575 1558 1849 3335 
2576 1641 1856 3335 
2577 1775 2017 3336 
2578 1039 1223 3336 
2579 1384 1410 3337 
2580 1439 1579 3337 
2581 1375 1823 3338 
2582 1366 1574 3338 
2583 1048 1970 3339 
2584 1136 1774 3339 
2585 1484 1720 3340 
2586 1352 1575 3340 
2587 1249 1723 3341 
2588 1343 1921 3341 
2589 1552 1583 3342 
2590 1084 1896 3342 
2591 1648 1964 3343 
2592 1334 1348 3343 
2593 1088 1208 3344 
2594 1474 1664 3344 
2595 1064 1710 3345 
2596 1134 1969 3345 
2597 1115 1993 3346 
2598 1688 1985 3346 
2599 1456 1737 3347 
2600 1269 1522 3347 
2601 1678 2028 3348 
2602 1486 1497 3348 
2603 1114 1578 3349 
2604 1187 1353 3349 
2605 1355 1911 3350 
2606 1282 1837 3350 
2607 1179 1184 3351 
2608 1892 1954 3351 
2609 1049 1900 3352 
2610 1501 1654 3352 
2611 1202 1768 3353 
2612 1198 1295 3353 
2613 1460 1927 3354 
2614 1528 1947 3354 
2615 1500 1636 3355 
2616 1221 1338 3355 
2617 1387 1934 3356 
2618 1571 1686 3356 
2619 1211 1477 3357 
2620 1275 1977 3357 
2621 1959 2044 3358 
2622 1295 1981 3358 
2623 1280 1286 3359 
2624 1446 1754 3359 
2625 1372 1864 3360 
2626 1158 1509 3360 
2627 1079 1502 3361 
2628 1689 1936 3361 
2629 1423 1491 3362 
2630 1160 1613 3362 
2631 1422 1487 3363 
2632 1095 1192 3363 
2633 1163 1539 3364 
2634 1652 1853 3364 
2635 1205 1876 3365 
2636 1043 1907 3365 
2637 1604 1949 3366 
2638 1176 2016 3366 
2639 1402 1429 3367 
2640 1102 1483 3367 
2641 1567 1588 3368 
2642 1385 1705 3368 
2643 1942 2034 3369 
2644 1747 1851 3369 
2645 1831 1989 3370 
2646 1425 1699 3370 
2647 1452 1466 3371 
2648 1090 1140 3371 
2649 1585 1946 3372 
2650 1542 1935 3372 
2651 1652 1837 3373 
2652 1284 1895 3373 
2653 1414 1580 3374 
2654 1252 1473 3374 
2655 1364 1560 3375 
2656 1229 1833 3375 
2657 1624 1851 3376 
2658 1186 1821 3376 
2659 1261 1938 3377 
2660 1591 1679 3377 
2661 1206 1450 3378 
2662 1835 2009 3378 
2663 1488 1777 3379 
2664 1570 1631 3379 
2665 1082 1755 3380 
2666 1230 1635 3380 
2667 1208 1950 3381 
2668 1434 1990 3381 
2669 1550 1555 3382 
2670 1460 1577 3382 
2671 1133 1156 3383 
2672 1067 1265 3383 
2673 1122 2000 3384 
2674 1253 1297 3384 
2675 1587 1599 3385 
2676 2011 2037 3385 
2677 1267 1736 3386 
2678 1471 1818 3386 
2679 1158 1217 3387 
2680 1498 1650 3387 
2681 1510 1779 3388 
2682 1304 1344 3388 
2683 1427 1774 3389 
2684 1521 1614 3389 
2685 1191 1669 3390 
2686 1026 1339 3390 
2687 1401 1465 3391 
2688 1592 1857 3391 
2689 1671 1741 3392 
2690 1175 1446 3392 
2691 1703 1926 3393 
2692 1094 1824 3393 
2693 1164 1347 3394 
2694 1106 1838 3394 
2695 1905 1928 3395 
2696 1176 1845 3395 
2697 1024 1041 3396 
2698 1499 1740 3396 
2699 1342 1588 3397 
2700 1461 1504 3397 
2701 1145 1996 3398 
2702 1219 1438 3398 
2703 1073 1435 3399 
2704 1120 1210 3399 
2705 1373 1820 3400 
2706 1277 1735 3400 
2707 1331 1867 3401 
2708 1054 1954 3401 
2709 1029 1650 3402 
2710 1794 1995 3402 
2711 1408 1904 3403 
2712 1719 1967 3403 
2713 1453 1943 3404 
2714 1077 1647 3404 
2715 1627 1976 3405 
2716 1512 1754 3405 
2717 1063 1251 3406 
2718 1563 1968 3406 
2719 1400 1685 3407 
2720 1461 1594 3407 
2721 1243 1428 3408 
2722 1585 1949 3408 
2723 1289 1451 3409 
2724 1755 2039 3409 
2725 1175 2042 3410 
2726 1666 1760 3410 
2727 1682 1732 3411 
2728 1168 1859 3411 
2729 1120 1561 3412 
2730 1111 1429 3412 
2731 1633 1763 3413 
2732 1437 2032 3413 
2733 1040 1856 3414 
2734 1700 1750 3414 
2735 1418 2046 3415 
2736 1253 1381 3415 
2737 1392 1723 3416 
2738 1104 1706 3416 
2739 1368 1479 3417 
2740 1387 1507 3417 
2741 1354 1868 3418 
2742 1311 1569 3418 
2743 1241 1369 3419 
2744 1099 1785 3419 
2745 1100 1884 3420 
2746 1511 1760 3420 
2747 1043 1349 3421 
2748 1865 2046 3421 
2749 1130 1533 3422 
2750 1464 1843 3422 
2751 1941 2021 3423 
2752 1401 1501 3423 
2753 1522 1675 3424 
2754 1034 1670 3424 
2755 1436 1845 3425 
2756 1560 2006 3425 
2757 1368 1722 3426 
2758 1181 1948 3426 
2759 1493 1708 3427 
2760 1784 1897 3427 
2761 1870 1963 3428 
2762 1543 1820 3428 
2763 1109 1445 3429 
2764 1359 1962 3429 
2765 1213 1643 3430 
2766 1032 1576 3430 
2767 1128 1129 3431 
2768 1228 1264 3431 
2769 1483 1668 3432 
2770 1697 1956 3432 
2771 1361 1463 3433 
2772 1119 1515 3433 
2773 1089 1840 3434 
2774 1518 1541 3434 
2775 1348 1587 3435 
2776 1056 2042 3435 
2777 1111 1321 3436 
2778 1327 1874 3436 
2779 1715 1979 3437 
2780 1655 1700 3437 
2781 1246 1948 3438 
2782 1135 1307 3438 
2783 1045 1327 3439 
2784 1199 1783 3439 
2785 1166 1487 3440 
2786 1065 1305 3440 
2787 1316 1540 3441 
2788 1459 1531 3441 
2789 1267 1393 3442 
2790 1378 1443 3442 
2791 1136 1271 3443 
2792 1080 1651 3443 
2793 1234 2000 3444 
2794 1728 1922 3444 
2795 1396 1978 3445 
2796 1410 1833 3445 
2797 1815 1991 3446 
2798 1684 1903 3446 
2799 1555 2002 3447 
2800 1579 2004 3447 
2801 1065 1902 3448 
2802 1254 1287 3448 
2803 1313 1553 3449 
2804 1129 1973 3449 
2805 1493 1858 3450 
2806 1182 1765 3450 
2807 1386 1442 3451 
2808 1358 1920 3451 
2809 1551 1947 3452 
2810 1313 1645 3452 
2811 1913 2012 3453 
2812 1035 1961 3453 
2813 1205 1634 3454 
2814 1330 1916 3454 
2815 1337 1724 3455 
2816 1230 1392 3455 
2817 1162 1302 3456 
2818 1716 1934 3456 
2819 1103 1223 3457 
2820 1155 1673 3457 
2821 1039 1308 3458 
2822 1089 1274 3458 
2823 1244 1395 3459 
2824 1333 1535 3459 
2825 1072 1256 3460 
2826 1380 1877 3460 
2827 1216 1925 3461 
2828 1690 2031 3461 
2829 1519 1586 3462 
2830 1237 1868 3462 
2831 1789 1993 3463 
2832 1350 1625 3463 
2833 1190 1537 3464 
2834 1273 1445 3464 
2835 1255 2038 3465 
2836 1155 2029 3465 
2837 1458 2041 3466 
2838 1449 1844 3466 
2839 1769 1802 3467 
2840 1752 2032 3467 
2841 1304 1547 3468 
2842 1412 2005 3468 
2843 1097 1237 3469 
2844 1475 1875 3469 
2845 1150 1796 3470 
2846 1228 1276 3470 
2847 1494 1973 3471 
2848 1639 1989 3471 
2849 1329 1781 3472 
2850 1617 1822 3472 
2851 1510 1622 3473 
2852 1144 1425 3473 
2853 1231 2045 3474 
2854 1426 1593 3474 
2855 1064 1240 3475 
2856 2010 2020 3475 
2857 1170 1351 3476 
2858 1214 1901 3476 
2859 1279 1838 3477 
2860 1362 1398 3477 
2861 1027 1915 3478 
2862 1370 1694 3478 
2863 1619 1855 3479 
2864 1086 1117 3479 
2865 1315 1628 3480 
2866 1320 1572 3480 
2867 1050 1131 3481 
2868 1159 1420 3481 
2869 1593 1773 3482 
2870 1189 1997 3482 
2871 1614 1858 3483 
2872 1170 1346 3483 
2873 1571 1861 3484 
2874 1695 1746 3484 
2875 1124 1427 3485 
2876 1301 1639 3485 
2877 1074 1810 3486 
2878 1068 1118 3486 
2879 1298 1796 3487 
2880 1440 1608 3487 
2881 1095 1451 3488 
2882 1092 1798 3488 
2883 1452 1477 3489 
2884 1692 2019 3489 
2885 1278 1439 3490 
2886 1545 1671 3490 
2887 1351 1791 3491 
2888 1262 1718 3491 
2889 1619 1996 3492 
2890 1091 1380 3492 
2891 1428 1806 3493 
2892 1654 1807 3493 
2893 1108 1408 3494 
2894 1024 1706 3494 
2895 1061 1818 3495 
2896 1457 1840 3495 
2897 1607 1813 3496 
2898 1276 1431 3496 
2899 1473 1606 3497 
2900 1218 1964 3497 
2901 1192 1914 3498 
2902 1154 1478 3498 
2903 1220 1987 3499 
2904 1577 1737 3499 
2905 1602 1909 3500 
2906 1232 1272 3500 
2907 1658 1791 3501 
2908 1489 1740 3501 
2909 1631 1758 3502 
2910 1196 1316 3502 
2911 1352 1730 3503 
2912 1772 2038 3503 
2913 1357 1520 3504 
2914 1047 1395 3504 
2915 1681 1896 3505 
2916 1277 1811 3505 
2917 1381 1456 3506 
2918 1469 1500 3506 
2919 1037 1984 3507 
2920 1047 1907 3507 
2921 1306 1575 3508 
2922 1179 1786 3508 
2923 1102 1930 3509 
2924 1044 1290 3509 
2925 1142 1418 3510 
2926 1203 1697 3510 
2927 1518 2013 3511 
2928 1486 2044 3511 
2929 1152 1309 3512 
2930 1415 1677 3512 
2931 1169 1863 3513 
2932 1719 1839 3513 
2933 1172 1952 3514 
2934 1201 1691 3514 
2935 1542 1613 3515 
2936 1263 1712 3515 
2937 1470 1552 3516 
2938 1201 1312 3516 
2939 1069 2007 3517 
2940 1491 1972 3517 
2941 1147 1231 3518 
2942 1741 1939 3518 
2943 1341 2003 3519 
2944 1071 1770 3519 
2945 1745 1801 3520 
2946 1285 1884 3520 
2947 1336 1453 3521 
2948 1029 1702 3521 
2949 1288 1817 3522 
2950 1485 1889 3522 
2951 1293 1341 3523 
2952 1467 1882 3523 
2953 1391 1527 3524 
2954 1683 1793 3524 
2955 1251 1565 3525 
2956 1224 1436 3525 
2957 1661 1980 3526 
2958 1978 2005 3526 
2959 1292 1757 3527 
2960 1525 1541 3527 
2961 1209 1935 3528 
2962 1503 1684 3528 
2963 1601 1962 3529 
2964 1534 1638 3529 
2965 1250 1612 3530 
2966 1124 1160 3530 
2967 1104 1605 3531 
2968 1038 1771 3531 
2969 1058 1495 3532 
2970 1397 1890 3532 
2971 1105 1899 3533 
2972 1195 1953 3533 
2973 1060 1846 3534 
2974 1419 1958 3534 
2975 1079 1536 3535 
2976 1667 1923 3535 
2977 1513 1562 3536 
2978 1310 1792 3536 
2979 1073 1382 3537 
2980 1618 1812 3537 
2981 1335 1405 3538 
2982 1708 1763 3538 
2983 1633 1825 3539 
2984 1254 1752 3539 
2985 1063 1407 3540 
2986 1173 1379 3540 
2987 1549 1623 3541 
2988 1414 2021 3541 
2989 1143 1548 3542 
2990 1226 1980 3542 
2991 1203 1647 3543 
2992 1629 1636 3543 
2993 1215 1638 3544 
2994 1097 1956 3544 
2995 1165 1685 3545 
2996 1388 1887 3545 
2997 1797 1822 3546 
2998 1076 1239 3546 
2999 1188 1730 3547 
3000 1153 1323 3547 
3001 1609 1707 3548 
3002 1023 1776 3548 
3003 1174 1573 3549 
3004 1202 1259 3549 
3005 1342 1590 3550 
3006 1375 1609 3550 
3007 1548 1597 3551 
3008 1314 1319 3551 
3009 1340 1870 3552 
3010 1141 1836 3552 
3011 1248 1565 3553 
3012 1226 1695 3553 
3013 1643 1873 3554 
3014 1843 2001 3554 
3015 1367 1712 3555 
3016 1028 1566 3555 
3017 1044 1171 3556 
3018 1236 1371 3556 
3019 1876 1910 3557 
3020 1879 1889 3557 
3021 1449 1731 3558 
3022 1284 1423 3558 
3023 1447 1769 3559 
3024 1464 1885 3559 
3025 1546 1937 3560 
3026 1099 1178 3560 
3027 1458 1998 3561 
3028 1553 2026 3561 
3029 1194 1417 3562 
3030 1703 1749 3562 
3031 1266 1649 3563 
3032 1727 1906 3563 
3033 1059 1245 3564 
3034 1670 2012 3564 
3035 1189 1687 3565 
3036 1667 1971 3565 
3037 1070 1529 3566 
3038 1303 1987 3566 
3039 1819 1842 3567 
3040 1052 1098 3567 
3041 1517 1826 3568 
3042 1195 1382 3568 
3043 1183 1744 3569 
3044 1751 1873 3569 
3045 1345 1512 3570 
3046 1711 2031 3570 
3047 1358 1383 3571 
3048 1350 2040 3571 
3049 1672 1853 3572 
3050 1507 1869 3572 
3051 1027 1767 3573 
3052 1225 1606 3573 
3053 1126 1825 3574 
3054 1165 1991 3574 
3055 1882 1893 3575 
3056 1166 1421 3575 
3057 1069 1360 3576 
3058 1691 1733 3576 
3059 1246 1360 3577 
3060 1600 1798 3577 
3061 1578 1827 3578 
3062 1384 2027 3578 
3063 1910 1966 3579 
3064 1580 1875 3579 
3065 1459 1739 3580 
3066 1117 1421 3580 
3067 1787 1871 3581 
3068 1432 1982 3581 
3069 1210 1816 3582 
3070 1311 1396 3582 
3071 2047 2048 3583 
3072 2049 2050 3583 
3073 2051 2052 3584 
3074 2053 2054 3584 
3075 2055 2056 3585 
3076 2057 2058 3585 
3077 2059 2060 3586 
3078 2061 2062 3586 
3079 2063 2064 3587 
3080 2065 2066 3587 
3081 2067 2068 3588 
3082 2069 2070 3588 
3083 2071 2072 3589 
3084 2073 2074 3589 
3085 2075 2076 3590 
3086 2077 2078 3590 
3087 2079 2080 3591 
3088 2081 2082 3591 
3089 2083 2084 3592 
3090 2085 2086 3592 
3091 2087 2088 3593 
3092 2089 2090 3593 
3093 2091 2092 3594 
3094 2093 2094 3594 
3095 2095 2096 3595 
3096 2097 2098 3595 
3097 2099 2100 3596 
3098 2101 2102 3596 
3099 2103 2104 3597 
3100 2105 2106 3597 
3101 2107 2108 3598 
3102 2109 2110 3598 
3103 2111 2112 3599 
3104 2113 2114 3599 
3105 2115 2116 3600 
3106 2117 2118 3600 
3107 2119 2120 3601 
3108 2121 2122 3601 
3109 2123 2124 3602 
3110 2125 2126 3602 
3111 2127 2128 3603 
3112 2129 2130 3603 
3113 2131 2132 3604 
3114 2133 2134 3604 
3115 2135 2136 3605 
3116 2137 2138 3605 
3117 2139 2140 3606 
3118 2141 2142 3606 
3119 2143 2144 3607 
3120 2145 2146 3607 
3121 2147 2148 3608 
3122 2149 2150 3608 
3123 2151 2152 3609 
3124 2153 2154 3609 
3125 2155 2156 3610 
3126 2157 2158 3610 
3127 2159 2160 3611 
3128 2161 2162 3611 
3129 2163 2164 3612 
3130 2165 2166 3612 
3131 2167 2168 3613 
3132 2169 2170 3613 
3133 2171 2172 3614 
3134 2173 2174 3614 
3135 2175 2176 3615 
3136 2177 2178 3615 
3137 2179 2180 3616 
3138 2181 2182 3616 
3139 2183 2184 3617 
3140 2185 2186 3617 
3141 2187 2188 3618 
3142 2189 2190 3618 
3143 2191 2192 3619 
3144 2193 2194 3619 
3145 2195 2196 3620 
3146 2197 2198 3620 
3147 2199 2200 3621 
3148 2201 2202 3621 
3149 2203 2204 3622 
3150 2205 2206 3622 
3151 2207 2208 3623 
3152 2209 2210 3623 
3153 2211 2212 3624 
3154 2213 2214 3624 
3155 2215 2216 3625 
3156 2217 2218 3625 
3157 2219 2220 3626 
3158 2221 2222 3626 
3159 2223 2224 3627 
3160 2225 2226 3627 
3161 2227 2228 3628 
3162 2229 2230 3628 
3163 2231 2232 3629 
3164 2233 2234 3629 
3165 2235 2236 3630 
3166 2237 2238 3630 
3167 2239 2240 3631 
3168 2241 2242 3631 
3169 2243 2244 3632 
3170 2245 2246 3632 
3171 2247 2248 3633 
3172 2249 2250 3633 
3173 2251 2252 3634 
3174 2253 2254 3634 
3175 2255 2256 3635 
3176 2257 2258 3635 
3177 2259 2260 3636 
3178 2261 2262 3636 
3179 2263 2264 3637 
3180 2265 2266 3637 
3181 2267 2268 3638 
3182 2269 2270 3638 
3183 2271 2272 3639 
3184 2273 2274 3639 
3185 2275 2276 3640 
3186 2277 2278 3640 
3187 2279 2280 3641 
3188 2281 2282 3641 
3189 2283 2284 3642 
3190 2285 2286 3642 
3191 2287 2288 3643 
3192 2289 2290 3643 
3193 2291 2292 3644 
3194 2293 2294 3644 
3195 2295 2296 3645 
3196 2297 2298 3645 
3197 2299 2300 3646 
3198 2301 2302 3646 
3199 2303 2304 3647 
3200 2305 2306 3647 
3201 2307 2308 3648 
3202 2309 2310 3648 
3203 2311 2312 3649 
3204 2313 2314 3649 
3205 2315 2316 3650 
3206 2317 2318 3650 
3207 2319 2320 3651 
3208 2321 2322 3651 
3209 2323 2324 3652 
3210 2325 2326 3652 
3211 2327 2328 3653 
3212 2329 2330 3653 
3213 2331 2332 3654 
3214 2333 2334 3654 
3215 2335 2336 3655 
3216 2337 2338 3655 
3217 2339 2340 3656 
3218 2341 2342 3656 
3219 2343 2344 3657 
3220 2345 2346 3657 
3221 2347 2348 3658 
3222 2349 2350 3658 
3223 2351 2352 3659 
3224 2353 2354 3659 
3225 2355 2356 3660 
3226 2357 2358 3660 
3227 2359 2360 3661 
3228 2361 2362 3661 
3229 2363 2364 3662 
3230 2365 2366 3662 
3231 2367 2368 3663 
3232 2369 2370 3663 
3233 2371 2372 3664 
3234 2373 2374 3664 
3235 2375 2376 3665 
3236 2377 2378 3665 
3237 2379 2380 3666 
3238 2381 2382 3666 
3239 2383 2384 3667 
3240 2385 2386 3667 
3241 2387 2388 3668 
3242 2389 2390 3668 
3243 2391 2392 3669 
3244 2393 2394 3669 
3245 2395 2396 3670 
3246 2397 2398 3670 
3247 2399 2400 3671 
3248 2401 2402 3671 
3249 2403 2404 3672 
3250 2405 2406 3672 
3251 2407 2408 3673 
3252 2409 2410 3673 
3253 2411 2412 3674 
3254 2413 2414 3674 
3255 2415 2416 3675 
3256 2417 2418 3675 
3257 2419 2420 3676 
3258 2421 2422 3676 
3259 2423 2424 3677 
3260 2425 2426 3677 
3261 2427 2428 3678 
3262 2429 2430 3678 
3263 2431 2432 3679 
3264 2433 2434 3679 
3265 2435 2436 3680 
3266 2437 2438 3680 
3267 2439 2440 3681 
3268 2441 2442 3681 
3269 2443 2444 3682 
3270 2445 2446 3682 
3271 2447 2448 3683 
3272 2449 2450 3683 
3273 2451 2452 3684 
3274 2453 2454 3684 
3275 2455 2456 3685 
3276 2457 2458 3685 
3277 2459 2460 3686 
3278 2461 2462 3686 
3279 2463 2464 3687 
3280 2465 2466 3687 
3281 2467 2468 3688 
3282 2469 2470 3688 
3283 2471 2472 3689 
3284 2473 2474 3689 
3285 2475 2476 3690 
3286 2477 2478 3690 
3287 2479 2480 3691 
3288 2481 2482 3691 
3289 2483 2484 3692 
3290 2485 2486 3692 
3291 2487 2488 3693 
3292 2489 2490 3693 
3293 2491 2492 3694 
3294 2493 2494 3694 
3295 2495 2496 3695 
3296 2497 2498 3695 
3297 2499 2500 3696 
3298 2501 2502 3696 
3299 2503 2504 3697 
3300 2505 2506 3697 
3301 2507 2508 3698 
3302 2509 2510 3698 
3303 2511 2512 3699 
3304 2513 2514 3699 
3305 2515 2516 3700 
3306 2517 2518 3700 
3307 2519 2520 3701 
3308 2521 2522 3701 
3309 2523 2524 3702 
3310 2525 2526 3702 
3311 2527 2528 3703 
3312 2529 2530 3703 
3313 2531 2532 3704 
3314 2533 2534 3704 
3315 2535 2536 3705 
3316 2537 2538 3705 
3317 2539 2540 3706 
3318 2541 2542 3706 
3319 2543 2544 3707 
3320 2545 2546 3707 
3321 2547 2548 3708 
3322 2549 2550 3708 
3323 2551 2552 3709 
3324 2553 2554 3709 
3325 2555 2556 3710 
3326 2557 2558 3710 
3327 2559 2560 3711 
3328 2561 2562 3711 
3329 2563 2564 3712 
3330 2565 2566 3712 
3331 2567 2568 3713 
3332 2569 2570 3713 
3333 2571 2572 3714 
3334 2573 2574 3714 
3335 2575 2576 3715 
3336 2577 2578 3715 
3337 2579 2580 3716 
3338 2581 2582 3716 
3339 2583 2584 3717 
3340 2585 2586 3717 
3341 2587 2588 3718 
3342 2589 2590 3718 
3343 2591 2592 3719 
3344 2593 2594 3719 
3345 2595 2596 3720 
3346 2597 2598 3720 
3347 2599 2600 3721 
3348 2601 2602 3721 
3349 2603 2604 3722 
3350 2605 2606 3722 
3351 2607 2608 3723 
3352 2609 2610 3723 
3353 2611 2612 3724 
3354 2613 2614 3724 
3355 2615 2616 3725 
3356 2617 2618 3725 
3357 2619 2620 3726 
3358 2621 2622 3726 
3359 2623 2624 3727 
3360 2625 2626 3727 
3361 2627 2628 3728 
3362 2629 2630 3728 
3363 2631 2632 3729 
3364 2633 2634 3729 
3365 2635 2636 3730 
3366 2637 2638 3730 
3367 2639 2640 3731 
3368 2641 2642 3731 
3369 2643 2644 3732 
3370 2645 2646 3732 
3371 2647 2648 3733 
3372 2649 2650 3733 
3373 2651 2652 3734 
3374 2653 2654 3734 
3375 2655 2656 3735 
3376 2657 2658 3735 
3377 2659 2660 3736 
3378 2661 2662 3736 
3379 2663 2664 3737 
3380 2665 2666 3737 
3381 2667 2668 3738 
3382 2669 2670 3738 
3383 2671 2672 3739 
3384 2673 2674 3739 
3385 2675 2676 3740 
3386 2677 2678 3740 
3387 2679 2680 3741 
3388 2681 2682 3741 
3389 2683 2684 3742 
3390 2685 2686 3742 
3391 2687 2688 3743 
3392 2689 2690 3743 
3393 2691 2692 3744 
3394 2693 2694 3744 
3395 2695 2696 3745 
3396 2697 2698 3745 
3397 2699 2700 3746 
3398 2701 2702 3746 
3399 2703 2704 3747 
3400 2705 2706 3747 
3401 2707 2708 3748 
3402 2709 2710 3748 
3403 2711 2712 3749 
3404 2713 2714 3749 
3405 2715 2716 3750 
3406 2717 2718 3750 
3407 2719 2720 3751 
3408 2721 2722 3751 
3409 2723 2724 3752 
3410 2725 2726 3752 
3411 2727 2728 3753 
3412 2729 2730 3753 
3413 2731 2732 3754 
3414 2733 2734 3754 
3415 2735 2736 3755 
3416 2737 2738 3755 
3417 2739 2740 3756 
3418 2741 2742 3756 
3419 2743 2744 3757 
3420 2745 2746 3757 
3421 2747 2748 3758 
3422 2749 2750 3758 
3423 2751 2752 3759 
3424 2753 2754 3759 
3425 2755 2756 3760 
3426 2757 2758 3760 
3427 2759 2760 3761 
3428 2761 2762 3761 
3429 2763 2764 3762 
3430 2765 2766 3762 
3431 2767 2768 3763 
3432 2769 2770 3763 
3433 2771 2772 3764 
3434 2773 2774 3764 
3435 2775 2776 3765 
3436 2777 2778 3765 
3437 2779 2780 3766 
3438 2781 2782 3766 
3439 2783 2784 3767 
3440 2785 2786 3767 
3441 2787 2788 3768 
3442 2789 2790 3768 
3443 2791 2792 3769 
3444 2793 2794 3769 
3445 2795 2796 3770 
3446 2797 2798 3770 
3447 2799 2800 3771 
3448 2801 2802 3771 
3449 2803 2804 3772 
3450 2805 2806 3772 
3451 2807 2808 3773 
3452 2809 2810 3773 
3453 2811 2812 3774 
3454 2813 2814 3774 
3455 2815 2816 3775 
3456 2817 2818 3775 
3457 2819 2820 3776 
3458 2821 2822 3776 
3459 2823 2824 3777 
3460 2825 2826 3777 
3461 2827 2828 3778 
3462 2829 2830 3778 
3463 2831 2832 3779 
3464 2833 2834 3779 
3465 2835 2836 3780 
3466 2837 2838 3780 
3467 2839 2840 3781 
3468 2841 2842 3781 
3469 2843 2844 3782 
3470 2845 2846 3782 
3471 2847 2848 3783 
3472 2849 2850 3783 
3473 2851 2852 3784 
3474 2853 2854 3784 
3475 2855 2856 3785 
3476 2857 2858 3785 
3477 2859 2860 3786 
3478 2861 2862 3786 
3479 2863 2864 3787 
3480 2865 2866 3787 
3481 2867 2868 3788 
3482 2869 2870 3788 
3483 2871 2872 3789 
3484 2873 2874 3789 
3485 2875 2876 3790 
3486 2877 2878 3790 
3487 2879 2880 3791 
3488 2881 2882 3791 
3489 2883 2884 3792 
3490 2885 2886 3792 
3491 2887 2888 3793 
3492 2889 2890 3793 
3493 2891 2892 3794 
3494 2893 2894 3794 
3495 2895 2896 3795 
3496 2897 2898 3795 
3497 2899 2900 3796 
3498 2901 2902 3796 
3499 2903 2904 3797 
3500 2905 2906 3797 
3501 2907 2908 3798 
3502 2909 2910 3798 
3503 2911 2912 3799 
3504 2913 2914 3799 
3505 2915 2916 3800 
3506 2917 2918 3800 
3507 2919 2920 3801 
3508 2921 2922 3801 
3509 2923 2924 3802 
3510 2925 2926 3802 
3511 2927 2928 3803 
3512 2929 2930 3803 
3513 2931 2932 3804 
3514 2933 2934 3804 
3515 2935 2936 3805 
3516 2937 2938 3805 
3517 2939 2940 3806 
3518 2941 2942 3806 
3519 2943 2944 3807 
3520 2945 2946 3807 
3521 2947 2948 3808 
3522 2949 2950 3808 
3523 2951 2952 3809 
3524 2953 2954 3809 
3525 2955 2956 3810 
3526 2957 2958 3810 
3527 2959 2960 3811 
3528 2961 2962 3811 
3529 2963 2964 3812 
3530 2965 2966 3812 
3531 2967 2968 3813 
3532 2969 2970 3813 
3533 2971 2972 3814 
3534 2973 2974 3814 
3535 2975 2976 3815 
3536 2977 2978 3815 
3537 2979 2980 3816 
3538 2981 2982 3816 
3539 2983 2984 3817 
3540 2985 2986 3817 
3541 2987 2988 3818 
3542 2989 2990 3818 
3543 2991 2992 3819 
3544 2993 2994 3819 
3545 2995 2996 3820 
3546 2997 2998 3820 
3547 2999 3000 3821 
3548 3001 3002 3821 
3549 3003 3004 3822 
3550 3005 3006 3822 
3551 3007 3008 3823 
3552 3009 3010 3823 
3553 3011 3012 3824 
3554 3013 3014 3824 
3555 3015 3016 3825 
3556 3017 3018 3825 
3557 3019 3020 3826 
3558 3021 3022 3826 
3559 3023 3024 3827 
3560 3025 3026 3827 
3561 3027 3028 3828 
3562 3029 3030 3828 
3563 3031 3032 3829 
3564 3033 3034 3829 
3565 3035 3036 3830 
3566 3037 3038 3830 
3567 3039 3040 3831 
3568 3041 3042 3831 
3569 3043 3044 3832 
3570 3045 3046 3832 
3571 3047 3048 3833 
3572 3049 3050 3833 
3573 3051 3052 3834 
3574 3053 3054 3834 
3575 3055 3056 3835 
3576 3057 3058 3835 
3577 3059 3060 3836 
3578 3061 3062 3836 
3579 3063 3064 3837 
3580 3065 3066 3837 
3581 3067 3068 3838 
3582 3069 3070 3838 
3583 3071 3072 3839 
3584 3073 3074 3839 
3585 3075 3076 3840 
3586 3077 3078 3840 
3587 3079 3080 3841 
3588 3081 3082 3841 
3589 3083 3084 3842 
3590 3085 3086 3842 
3591 3087 3088 3843 
3592 3089 3090 3843 
3593 3091 3092 3844 
3594 3093 3094 3844 
3595 3095 3096 3845 
3596 3097 3098 3845 
3597 3099 3100 3846 
3598 3101 3102 3846 
3599 3103 3104 3847 
3600 3105 3106 3847 
3601 3107 3108 3848 
3602 3109 3110 3848 
3603 3111 3112 3849 
3604 3113 3114 3849 
3605 3115 3116 3850 
3606 3117 3118 3850 
3607 3119 3120 3851 
3608 3121 3122 3851 
3609 3123 3124 3852 
3610 3125 3126 3852 
3611 3127 3128 3853 
3612 3129 3130 3853 
3613 3131 3132 3854 
3614 3133 3134 3854 
3615 3135 3136 3855 
3616 3137 3138 3855 
3617 3139 3140 3856 
3618 3141 3142 3856 
3619 3143 3144 3857 
3620 3145 3146 3857 
3621 3147 3148 3858 
3622 3149 3150 3858 
3623 3151 3152 3859 
3624 3153 3154 3859 
3625 3155 3156 3860 
3626 3157 3158 3860 
3627 3159 3160 3861 
3628 3161 3162 3861 
3629 3163 3164 3862 
3630 3165 3166 3862 
3631 3167 3168 3863 
3632 3169 3170 3863 
3633 3171 3172 3864 
3634 3173 3174 3864 
3635 3175 3176 3865 
3636 3177 3178 3865 
3637 3179 3180 3866 
3638 3181 3182 3866 
3639 3183 3184 3867 
3640 3185 3186 3867 
3641 3187 3188 3868 
3642 3189 3190 3868 
3643 3191 3192 3869 
3644 3193 3194 3869 
3645 3195 3196 3870 
3646 3197 3198 3870 
3647 3199 3200 3871 
3648 3201 3202 3871 
3649 3203 3204 3872 
3650 3205 3206 3872 
3651 3207 3208 3873 
3652 3209 3210 3873 
3653 3211 3212 3874 
3654 3213 3214 3874 
3655 3215 3216 3875 
3656 3217 3218 3875 
3657 3219 3220 3876 
3658 3221 3222 3876 
3659 3223 3224 3877 
3660 3225 3226 3877 
3661 3227 3228 3878 
3662 3229 3230 3878 
3663 3231 3232 3879 
3664 3233 3234 3879 
3665 3235 3236 3880 
3666 3237 3238 3880 
3667 3239 3240 3881 
3668 3241 3242 3881 
3669 3243 3244 3882 
3670 3245 3246 3882 
3671 3247 3248 3883 
3672 3249 3250 3883 
3673 3251 3252 3884 
3674 3253 3254 3884 
3675 3255 3256 3885 
3676 3257 3258 3885 
3677 3259 3260 3886 
3678 3261 3262 3886 
3679 3263 3264 3887 
3680 3265 3266 3887 
3681 3267 3268 3888 
3682 3269 3270 3888 
3683 3271 3272 3889 
3684 3273 3274 3889 
3685 3275 3276 3890 
3686 3277 3278 3890 
3687 3279 3280 3891 
3688 3281 3282 3891 
3689 3283 3284 3892 
3690 3285 3286 3892 
3691 3287 3288 3893 
3692 3289 3290 3893 
3693 3291 3292 3894 
3694 3293 3294 3894 
3695 3295 3296 3895 
3696 3297 3298 3895 
3697 3299 3300 3896 
3698 3301 3302 3896 
3699 3303 3304 3897 
3700 3305 3306 3897 
3701 3307 3308 3898 
3702 3309 3310 3898 
3703 3311 3312 3899 
3704 3313 3314 3899 
3705 3315 3316 3900 
3706 3317 3318 3900 
3707 3319 3320 3901 
3708 3321 3322 3901 
3709 3323 3324 3902 
3710 3325 3326 3902 
3711 3327 3328 3903 
3712 3329 3330 3903 
3713 3331 3332 3904 
3714 3333 3334 3904 
3715 3335 3336 3905 
3716 3337 3338 3905 
3717 3339 3340 3906 
3718 3341 3342 3906 
3719 3343 3344 3907 
3720 3345 3346 3907 
3721 3347 3348 3908 
3722 3349 3350 3908 
3723 3351 3352 3909 
3724 3353 3354 3909 
3725 3355 3356 3910 
3726 3357 3358 3910 
3727 3359 3360 3911 
3728 3361 3362 3911 
3729 3363 3364 3912 
3730 3365 3366 3912 
3731 3367 3368 3913 
3732 3369 3370 3913 
3733 3371 3372 3914 
3734 3373 3374 3914 
3735 3375 3376 3915 
3736 3377 3378 3915 
3737 3379 3380 3916 
3738 3381 3382 3916 
3739 3383 3384 3917 
3740 3385 3386 3917 
3741 3387 3388 3918 
3742 3389 3390 3918 
3743 3391 3392 3919 
3744 3393 3394 3919 
3745 3395 3396 3920 
3746 3397 3398 3920 
3747 3399 3400 3921 
3748 3401 3402 3921 
3749 3403 3404 3922 
3750 3405 3406 3922 
3751 3407 3408 3923 
3752 3409 3410 3923 
3753 3411 3412 3924 
3754 3413 3414 3924 
3755 3415 3416 3925 
3756 3417 3418 3925 
3757 3419 3420 3926 
3758 3421 3422 3926 
3759 3423 3424 3927 
3760 3425 3426 3927 
3761 3427 3428 3928 
3762 3429 3430 3928 
3763 3431 3432 3929 
3764 3433 3434 3929 
3765 3435 3436 3930 
3766 3437 3438 3930 
3767 3439 3440 3931 
3768 3441 3442 3931 
3769 3443 3444 3932 
3770 3445 3446 3932 
3771 3447 3448 3933 
3772 3449 3450 3933 
3773 3451 3452 3934 
3774 3453 3454 3934 
3775 3455 3456 3935 
3776 3457 3458 3935 
3777 3459 3460 3936 
3778 3461 3462 3936 
3779 3463 3464 3937 
3780 3465 3466 3937 
3781 3467 3468 3938 
3782 3469 3470 3938 
3783 3471 3472 3939 
3784 3473 3474 3939 
3785 3475 3476 3940 
3786 3477 3478 3940 
3787 3479 3480 3941 
3788 3481 3482 3941 
3789 3483 3484 3942 
3790 3485 3486 3942 
3791 3487 3488 3943 
3792 3489 3490 3943 
3793 3491 3492 3944 
3794 3493 3494 3944 
3795 3495 3496 3945 
3796 3497 3498 3945 
3797 3499 3500 3946 
3798 3501 3502 3946 
3799 3503 3504 3947 
3800 3505 3506 3947 
3801 3507 3508 3948 
3802 3509 3510 3948 
3803 3511 3512 3949 
3804 3513 3514 3949 
3805 3515 3516 3950 
3806 3517 3518 3950 
3807 3519 3520 3951 
3808 3521 3522 3951 
3809 3523 3524 3952 
3810 3525 3526 3952 
3811 3527 3528 3953 
3812 3529 3530 3953 
3813 3531 3532 3954 
3814 3533 3534 3954 
3815 3535 3536 3955 
3816 3537 3538 3955 
3817 3539 3540 3956 
3818 3541 3542 3956 
3819 3543 3544 3957 
3820 3545 3546 3957 
3821 3547 3548 3958 
3822 3549 3550 3958 
3823 3551 3552 3959 
3824 3553 3554 3959 
3825 3555 3556 3960 
3826 3557 3558 3960 
3827 3559 3560 3961 
3828 3561 3562 3961 
3829 3563 3564 3962 
3830 3565 3566 3962 
3831 3567 3568 3963 
3832 3569 3570 3963 
3833 3571 3572 3964 
3834 3573 3574 3964 
3835 3575 3576 3965 
3836 3577 3578 3965 
3837 3579 3580 3966 
3838 3581 3582 3966 
3839 3583 3584 3967 
3840 3585 3586 3967 
3841 3587 3588 3968 
3842 3589 3590 3968 
3843 3591 3592 3969 
3844 3593 3594 3969 
3845 3595 3596 3970 
3846 3597 3598 3970 
3847 3599 3600 3971 
3848 3601 3602 3971 
3849 3603 3604 3972 
3850 3605 3606 3972 
3851 3607 3608 3973 
3852 3609 3610 3973 
3853 3611 3612 3974 
3854 3613 3614 3974 
3855 3615 3616 3975 
3856 3617 3618 3975 
3857 3619 3620 3976 
3858 3621 3622 3976 
3859 3623 3624 3977 
3860 3625 3626 3977 
3861 3627 3628 3978 
3862 3629 3630 3978 
3863 3631 3632 3979 
3864 3633 3634 3979 
3865 3635 3636 3980 
3866 3637 3638 3980 
3867 3639 3640 3981 
3868 3641 3642 3981 
3869 3643 3644 3982 
3870 3645 3646 3982 
3871 3647 3648 3983 
3872 3649 3650 3983 
3873 3651 3652 3984 
3874 3653 3654 3984 
3875 3655 3656 3985 
3876 3657 3658 3985 
3877 3659 3660 3986 
3878 3661 3662 3986 
3879 3663 3664 3987 
3880 3665 3666 3987 
3881 3667 3668 3988 
3882 3669 3670 3988 
3883 3671 3672 3989 
3884 3673 3674 3989 
3885 3675 3676 3990 
3886 3677 3678 3990 
3887 3679 3680 3991 
3888 3681 3682 3991 
3889 3683 3684 3992 
3890 3685 3686 3992 
3891 3687 3688 3993 
3892 3689 3690 3993 
3893 3691 3692 3994 
3894 3693 3694 3994 
3895 3695 3696 3995 
3896 3697 3698 3995 
3897 3699 3700 3996 
3898 3701 3702 3996 
3899 3703 3704 3997 
3900 3705 3706 3997 
3901 3707 3708 3998 
3902 3709 3710 3998 
3903 3711 3712 3999 
3904 3713 3714 3999 
3905 3715 3716 4000 
3906 3717 3718 4000 
3907 3719 3720 4001 
3908 3721 3722 4001 
3909 3723 3724 4002 
3910 3725 3726 4002 
3911 3727 3728 4003 
3912 3729 3730 4003 
3913 3731 3732 4004 
3914 3733 3734 4004 
3915 3735 3736 4005 
3916 3737 3738 4005 
3917 3739 3740 4006 
3918 3741 3742 4006 
3919 3743 3744 4007 
3920 3745 3746 4007 
3921 3747 3748 4008 
3922 3749 3750 4008 
3923 3751 3752 4009 
3924 3753 3754 4009 
3925 3755 3756 4010 
3926 3757 3758 4010 
3927 3759 3760 4011 
3928 3761 3762 4011 
3929 3763 3764 4012 
3930 3765 3766 4012 
3931 3767 3768 4013 
3932 3769 3770 4013 
3933 3771 3772 4014 
3934 3773 3774 4014 
3935 3775 3776 4015 
3936 3777 3778 4015 
3937 3779 3780 4016 
3938 3781 3782 4016 
3939 3783 3784 4017 
3940 3785 3786 4017 
3941 3787 3788 4018 
3942 3789 3790 4018 
3943 3791 3792 4019 
3944 3793 3794 4019 
3945 3795 3796 4020 
3946 3797 3798 4020 
3947 3799 3800 4021 
3948 3801 3802 4021 
3949 3803 3804 4022 
3950 3805 3806 4022 
3951 3807 3808 4023 
3952 3809 3810 4023 
3953 3811 3812 4024 
3954 3813 3814 4024 
3955 3815 3816 4025 
3956 3817 3818 4025 
3957 3819 3820 4026 
3958 3821 3822 4026 
3959 3823 3824 4027 
3960 3825 3826 4027 
3961 3827 3828 4028 
3962 3829 3830 4028 
3963 3831 3832 4029 
3964 3833 3834 4029 
3965 3835 3836 4030 
3966 3837 3838 4030 
3967 3839 3840 4031 
3968 3841 3842 4031 
3969 3843 3844 4032 
3970 3845 3846 4032 
3971 3847 3848 4033 
3972 3849 3850 4033 
3973 3851 3852 4034 
3974 3853 3854 4034 
3975 3855 3856 4035 
3976 3857 3858 4035 
3977 3859 3860 4036 
3978 3861 3862 4036 
3979 3863 3864 4037 
3980 3865 3866 4037 
3981 3867 3868 4038 
3982 3869 3870 4038 
3983 3871 3872 4039 
3984 3873 3874 4039 
3985 3875 3876 4040 
3986 3877 3878 4040 
3987 3879 3880 4041 
3988 3881 3882 4041 
3989 3883 3884 4042 
3990 3885 3886 4042 
3991 3887 3888 4043 
3992 3889 3890 4043 
3993 3891 3892 4044 
3994 3893 3894 4044 
3995 3895 3896 4045 
3996 3897 3898 4045 
3997 3899 3900 4046 
3998 3901 3902 4046 
3999 3903 3904 4047 
4000 3905 3906 4047 
4001 3907 3908 4048 
4002 3909 3910 4048 
4003 3911 3912 4049 
4004 3913 3914 4049 
4005 3915 3916 4050 
4006 3917 3918 4050 
4007 3919 3920 4051 
4008 3921 3922 4051 
4009 3923 3924 4052 
4010 3925 3926 4052 
4011 3927 3928 4053 
4012 3929 3930 4053 
4013 3931 3932 4054 
4014 3933 3934 4054 
4015 3935 3936 4055 
4016 3937 3938 4055 
4017 3939 3940 4056 
4018 3941 3942 4056 
4019 3943 3944 4057 
4020 3945 3946 4057 
4021 3947 3948 4058 
4022 3949 3950 4058 
4023 3951 3952 4059 
4024 3953 3954 4059 
4025 3955 3956 4060 
4026 3957 3958 4060 
4027 3959 3960 4061 
4028 3961 3962 4061 
4029 3963 3964 4062 
4030 3965 3966 4062 
4031 3967 3968 4063 
4032 3969 3970 4063 
4033 3971 3972 4064 
4034 3973 3974 4064 
4035 3975 3976 4065 
4036 3977 3978 4065 
4037 3979 3980 4066 
4038 3981 3982 4066 
4039 3983 3984 4067 
4040 3985 3986 4067 
4041 3987 3988 4068 
4042 3989 3990 4068 
4043 3991 3992 4069 
4044 3993 3994 4069 
4045 3995 3996 4070 
4046 3997 3998 4070 
4047 3999 4000 4071 
4048 4001 4002 4071 
4049 4003 4004 4072 
4050 4005 4006 4072 
4051 4007 4008 4073 
4052 4009 4010 4073 
4053 4011 4012 4074 
4054 4013 4014 4074 
4055 4015 4016 4075 
4056 4017 4018 4075 
4057 4019 4020 4076 
4058 4021 4022 4076 
4059 4023 4024 4077 
4060 4025 4026 4077 
4061 4027 4028 4078 
4062 4029 4030 4078 
4063 4031 4032 4079 
4064 4033 4034 4079 
4065 4035 4036 4080 
4066 4037 4038 4080 
4067 4039 4040 4081 
4068 4041 4042 4081 
4069 4043 4044 4082 
4070 4045 4046 4082 
4071 4047 4048 4083 
4072 4049 4050 4083 
4073 4051 4052 4084 
4074 4053 4054 4084 
4075 4055 4056 4085 
4076 4057 4058 4085 
4077 4059 4060 4086 
4078 4061 4062 4086 
4079 4063 4064 4087 
4080 4065 4066 4087 
4081 4067 4068 4088 
4082 4069 4070 4088 
4083 4071 4072 4089 
4084 4073 4074 4089 
4085 4075 4076 4090 
4086 4077 4078 4090 
4087 4079 4080 4091 
4088 4081 4082 4091 
4089 4083 4084 4092 
4090 4085 4086 4092 
4091 4087 4088 4093 
4092 4089 4090 4093 
4093 4091 4092 
